# logA ns H0 omegabh2 omegach2 omegam_growth LSST_DZ_S1 LSST_DZ_S2 LSST_DZ_S3 LSST_DZ_S4 LSST_DZ_S5 LSST_A1_1 LSST_A1_2 LSST_M1 LSST_M2 LSST_M3 LSST_M4 LSST_M5
5.731803174306601863e-03 9.233777889464870985e-04 -4.925286533900437996e-02 -8.932373434190013844e-07 -4.322543993328052930e-04 -8.534303859247329999e-04 5.774657981757470115e-06 1.736882661841393001e-05 8.996855536962547763e-06 7.127655973152245514e-06 -8.124580857443988851e-06 1.106228367786604889e-02 -7.546233594454567449e-03 9.437392489349909119e-06 1.755763133584835781e-05 2.552447009276273250e-05 -3.427971519620070219e-06 -7.010807594445645299e-05
9.233777889464870985e-04 3.545132353077670717e-04 -1.247239700727973896e-02 -5.259473316192756089e-07 -8.973474308401197105e-05 -4.022714607716035686e-05 1.261194660754001356e-07 2.315282738753464126e-06 2.629416816916550834e-07 1.206409808639967914e-06 -5.559486403433276711e-09 2.366407724776097270e-03 -2.710297116522947074e-03 5.967806637299166635e-07 2.515745434344744281e-06 6.421380568325253737e-06 4.558906859119102241e-06 1.612901781496671373e-06
-4.925286533900437996e-02 -1.247239700727973896e-02 1.152768186234420567e+00 1.900200540352291179e-04 5.083586603030130352e-03 8.851676876734561198e-04 -3.322792697568812287e-05 1.657847445262493650e-05 -3.426183235353388515e-05 -5.739225130437159480e-05 -7.345839896135505710e-06 -9.193693948920737824e-02 1.425518339561279157e-01 1.533012096422912263e-05 -7.120982577324129243e-05 -8.729935893080783779e-05 -4.825094675503036469e-05 1.812501035075169236e-05
-8.932373434190013844e-07 -5.259473316192756089e-07 1.900200540352291179e-04 2.421764255157011511e-07 4.587003027541002327e-07 -3.927414945913836615e-07 2.558891160637839300e-08 5.068911377734319018e-08 1.684925373506008732e-08 1.001553407604337926e-08 -3.489501016850973939e-08 1.803522784929929257e-05 -5.410391604364993127e-05 4.523584198680492552e-09 3.174490548948464053e-09 1.583711762339766644e-08 -4.692028351344252733e-09 -2.532712864982221032e-08
-4.322543993328052930e-04 -8.973474308401197105e-05 5.083586603030130352e-03 4.587003027541002327e-07 3.646969873141186780e-05 4.052481949379165374e-05 -3.761909182027977172e-07 -1.093339503354170117e-06 -5.829716602724277904e-07 -6.101869888756514568e-07 3.087912143638695889e-07 -7.903406923511265697e-04 7.201274598347056711e-04 -6.079323016957053236e-07 -1.325931450986285621e-06 -2.249900882915617066e-06 -8.155605667328795547e-07 2.625390599266253565e-06
-8.534303859247329999e-04 -4.022714607716035686e-05 8.851676876734561198e-04 -3.927414945913836615e-07 4.052481949379165374e-05 5.398207351074880023e-04 2.358634160511379195e-06 -1.994508672885085728e-06 -2.973034311418922811e-06 -1.773938297026241482e-06 3.365499632295111939e-06 -3.374296233238311196e-03 4.690044813731362549e-04 3.095774578186115555e-06 -2.711156870684965488e-06 -6.431651043143425702e-06 -1.628397524043258464e-06 1.611417999543056652e-05
5.774657981757469268e-06 1.261194660754001356e-07 -3.322792697568812287e-05 2.558891160637839300e-08 -3.761909182027977172e-07 2.358634160511379195e-06 3.178111935710415320e-06 3.467089706475835103e-07 1.587957981100548285e-07 1.018842545503126431e-07 8.471260210062056362e-08 -1.190701208857354734e-04 -1.946258698993210074e-04 -8.507016837800737534e-07 4.852735562788686959e-07 3.502641995795534416e-07 8.895307454711440256e-08 -3.281102159512176593e-07
1.736882661841393001e-05 2.315282738753464126e-06 1.657847445262493650e-05 5.068911377734319018e-08 -1.093339503354170117e-06 -1.994508672885085728e-06 3.467089706475835103e-07 3.427309391324155767e-06 2.734593450259692571e-07 9.248151029246511415e-08 -1.405093432195954402e-07 6.563829310091694755e-05 -2.200174492595188597e-04 5.041968390669532395e-07 -1.762883466795164719e-06 6.767716138855980058e-07 4.947282837672652099e-07 1.350542428584224076e-07
8.996855536962547763e-06 2.629416816916550834e-07 -3.426183235353388515e-05 1.684925373506008732e-08 -5.829716602724277904e-07 -2.973034311418922811e-06 1.587957981100548285e-07 2.734593450259692571e-07 3.320037839826941450e-06 2.198008877426434796e-07 9.850726966062250851e-08 2.191170089761673397e-04 1.983364550362487727e-04 1.966274218663566767e-07 3.877317348394627841e-07 -1.789170922410010675e-06 5.755455095590118375e-07 4.295628203390750729e-07
7.127655973152245514e-06 1.206409808639967914e-06 -5.739225130437159480e-05 1.001553407604337926e-08 -6.101869888756514568e-07 -1.773938297026241482e-06 1.018842545503126431e-07 9.248151029246511415e-08 2.198008877426434531e-07 3.558854833572216797e-06 -1.470232175063280050e-08 -1.727975035980190319e-04 7.139735072179380501e-05 1.237229730691231396e-07 3.834827098834829687e-07 5.452931937879034531e-07 -1.354613870935407112e-06 7.372030266771793118e-07
-8.124580857443988851e-06 -5.559486403433380936e-09 -7.345839896135505710e-06 -3.489501016850973939e-08 3.087912143638695889e-07 3.365499632295111939e-06 8.471260210062056362e-08 -1.405093432195954402e-07 9.850726966062250851e-08 -1.470232175063279554e-08 3.571283958073182004e-06 -3.681886339235315530e-05 1.074260275480266966e-04 -1.109441557615871459e-07 2.118422761579386308e-07 6.841414806368460945e-08 3.566063244489055131e-07 -5.916836478784217213e-07
1.106228367786604889e-02 2.366407724776097270e-03 -9.193693948920737824e-02 1.803522784929929257e-05 -7.903406923511265697e-04 -3.374296233238311196e-03 -1.190701208857354734e-04 6.563829310091694755e-05 2.191170089761673397e-04 -1.727975035980190319e-04 -3.681886339235315530e-05 8.444687286956629180e+00 -4.695800792261471401e-01 4.908306972746439363e-05 1.506346660953339681e-04 -3.889631219947598981e-05 2.221945709209982426e-04 -1.271964553946023919e-04
-7.546233594454567449e-03 -2.710297116522947074e-03 1.425518339561279157e-01 -5.410391604364993127e-05 7.201274598347056711e-04 4.690044813731362549e-04 -1.946258698993210074e-04 -2.200174492595188597e-04 1.983364550362487727e-04 7.139735072179380501e-05 1.074260275480266966e-04 -4.695800792261471401e-01 8.205512064829203922e+00 -1.311321275044504157e-04 2.496235476075849542e-05 -2.018521328466957527e-04 -1.122851174436201093e-04 1.074930586416381176e-05
9.437392489349909119e-06 5.967806637299167693e-07 1.533012096422911585e-05 4.523584198680487589e-09 -6.079323016957053236e-07 3.095774578186115555e-06 -8.507016837800737534e-07 5.041968390669532395e-07 1.966274218663566767e-07 1.237229730691231396e-07 -1.109441557615871459e-07 4.908306972746439363e-05 -1.311321275044504157e-04 2.337980431770069324e-05 1.073286679906502728e-06 5.428732304920534106e-07 1.804224983780361835e-07 -3.016099738056205736e-07
1.755763133584835781e-05 2.515745434344744281e-06 -7.120982577324129243e-05 3.174490548948464053e-09 -1.325931450986285621e-06 -2.711156870684965488e-06 4.852735562788686959e-07 -1.762883466795164719e-06 3.877317348394627841e-07 3.834827098834829687e-07 2.118422761579386308e-07 1.506346660953339681e-04 2.496235476075849542e-05 1.073286679906502728e-06 1.965966396259137842e-05 2.012084428366585719e-06 1.627219502190206624e-06 1.050840071685711444e-06
2.552447009276273250e-05 6.421380568325253737e-06 -8.729935893080783779e-05 1.583711762339766644e-08 -2.249900882915617066e-06 -6.431651043143425702e-06 3.502641995795534416e-07 6.767716138855980058e-07 -1.789170922410010675e-06 5.452931937879034531e-07 6.841414806368460945e-08 -3.889631219947597626e-05 -2.018521328466957527e-04 5.428732304920533047e-07 2.012084428366585719e-06 1.634847615495288575e-05 3.158801295875753163e-06 3.174637648419371778e-06
-3.427971519620070219e-06 4.558906859119102241e-06 -4.825094675503036469e-05 -4.692028351344252733e-09 -8.155605667328795547e-07 -1.628397524043258464e-06 8.895307454711440256e-08 4.947282837672652099e-07 5.755455095590118375e-07 -1.354613870935407112e-06 3.566063244489055131e-07 2.221945709209982426e-04 -1.122851174436201093e-04 1.804224983780361835e-07 1.627219502190206624e-06 3.158801295875753163e-06 1.395609039664762401e-05 5.694024084966150073e-06
-7.010807594445645299e-05 1.612901781496671373e-06 1.812501035075169236e-05 -2.532712864982221032e-08 2.625390599266253565e-06 1.611417999543056652e-05 -3.281102159512176593e-07 1.350542428584224076e-07 4.295628203390750729e-07 7.372030266771793118e-07 -5.916836478784217213e-07 -1.271964553946023919e-04 1.074930586416381176e-05 -3.016099738056205206e-07 1.050840071685711656e-06 3.174637648419371778e-06 5.694024084966150073e-06 1.469228524730822373e-05
