# logA ns H0 omegabh2 omegach2 omegam_growth LSST_DZ_S1 LSST_DZ_S2 LSST_DZ_S3 LSST_DZ_S4 LSST_DZ_S5 LSST_A1_1 LSST_A1_2 LSST_M1 LSST_M2 LSST_M3 LSST_M4 LSST_M5
6.313710649952659557e-03 9.238912042530063621e-04 -4.386625738505992717e-02 -3.540217290130924019e-06 -4.491544766441839232e-04 -8.771096057097076994e-04 5.612155110961200527e-06 1.373509348056270693e-05 1.032222896238277235e-05 7.981172326187854873e-07 -2.097702975273826333e-05 4.041479376202377141e-03 3.078362723690481525e-03 1.274167388806538465e-05 1.624204089016960859e-05 2.705317533793469262e-06 -3.867241627690108408e-05 -1.347167714457683796e-04
9.238912042530063621e-04 3.699386431552436293e-04 -1.321032430696296618e-02 -3.004017278557633501e-07 -9.293973537808355382e-05 -6.225403115586582799e-05 -1.593578029078516675e-06 1.698544836566235101e-06 1.915215613701398008e-06 1.524391212387055156e-06 1.445481642093119491e-06 -9.725315258979420592e-04 -1.262180709852669437e-04 -1.369390207505041613e-06 2.344006941503467071e-06 8.022714298142361944e-06 1.093146407900682719e-05 9.942334356091782991e-06
-4.386625738505992717e-02 -1.321032430696296618e-02 1.322833698137228620e+00 1.592642132993729543e-04 5.391575398630612040e-03 4.468662192555306750e-03 2.341138846096849687e-04 -5.917517026852797072e-05 -1.548557243925037660e-04 -1.842988584503999882e-04 -2.322169436932474480e-04 2.802436737676261818e-03 6.544802752090417286e-02 2.410409855896000417e-04 -9.654409832314540957e-07 -6.576933059570022394e-04 -1.334842119314599146e-03 -1.946405390904189670e-03
-3.540217290130924019e-06 -3.004017278557633501e-07 1.592642132993729543e-04 2.836170807399562733e-07 4.816774416792384641e-07 -1.100127589290996773e-06 -4.432953466841867052e-08 9.370787809248210309e-09 2.787697405994099166e-08 4.715143945072314622e-08 6.852596924397583081e-08 1.310297137021619570e-05 -2.180586603129800060e-05 -5.670796875155799114e-08 1.790532159017006731e-08 1.860175677131115684e-07 3.626416821128067728e-07 5.487957572721654550e-07
-4.491544766441839232e-04 -9.293973537808355382e-05 5.391575398630612040e-03 4.816774416792384641e-07 3.859768267217357528e-05 5.291073601166010641e-05 3.673450062104055319e-07 -9.963935414864299229e-07 -1.139556649380696035e-06 -7.555247517723907172e-07 2.243236772253929365e-07 -1.560896142389153621e-04 1.315124841931414669e-05 6.564573326002062757e-08 -1.178655612592484047e-06 -2.798282553498065204e-06 -2.902850310058280674e-06 -2.042385555281964122e-08
-8.771096057097076994e-04 -6.225403115586582799e-05 4.468662192555306750e-03 -1.100127589290996773e-06 5.291073601166010641e-05 6.873468347597568983e-04 7.239594847600329252e-06 -1.088685844535862426e-06 -5.058641663487257593e-06 -4.368570311219993480e-06 -1.436446816570743842e-06 9.682326866806246568e-04 2.964724155536742952e-03 8.511903588458561269e-06 -4.124132414352057479e-06 -1.866944782233000358e-05 -2.856084011292899611e-05 -2.304585951593765157e-05
5.612155110961200527e-06 -1.593578029078516675e-06 2.341138846096849687e-04 -4.432953466841867052e-08 3.673450062104055319e-07 7.239594847600329252e-06 3.568969419896422352e-06 2.464458416654655994e-07 2.515481799659557025e-08 -1.918504245961508841e-07 -2.699185139951656459e-07 1.459270629086944185e-05 5.507253488402404632e-05 -6.613435527376820910e-07 5.734485473158809396e-07 -2.602259916668693148e-07 -1.106831391680143722e-06 -2.176535496999729112e-06
1.373509348056270693e-05 1.698544836566235101e-06 -5.917517026852797072e-05 9.370787809248208655e-09 -9.963935414864299229e-07 -1.088685844535862426e-06 2.464458416654655994e-07 3.221009156652578241e-06 2.163212086027486010e-07 1.061403635479160496e-07 4.575192973352556149e-08 -1.442839014583601044e-05 -2.824122773976332646e-06 3.143432102555413618e-07 -1.614610584081511705e-06 6.423286542778531139e-07 5.561979465203191356e-07 2.656692566027684682e-07
1.032222896238277235e-05 1.915215613701398008e-06 -1.548557243925037660e-04 2.787697405994099166e-08 -1.139556649380696035e-06 -5.058641663487257593e-06 2.515481799659557025e-08 2.163212086027486010e-07 3.430563483825624207e-06 2.904941458384379488e-07 1.688264647812249143e-07 -5.358658546437379072e-05 -8.730778063470609701e-05 1.310032241827398646e-08 5.051854610543960704e-07 -1.222028623502515292e-06 1.364682926120183958e-06 1.645207294288771244e-06
7.981172326187854873e-07 1.524391212387055156e-06 -1.842988584503999882e-04 4.715143945072315284e-08 -7.555247517723907172e-07 -4.368570311219993480e-06 -1.918504245961508841e-07 1.061403635479160496e-07 2.904941458384379488e-07 3.767612009220703733e-06 3.175134282504911310e-07 8.284147427145159472e-05 8.020019469711219345e-06 -1.405377956450497172e-07 2.978682832493752596e-07 1.048807146212285624e-06 -1.894871340487387698e-07 2.303907661785308625e-06
-2.097702975273826333e-05 1.445481642093119491e-06 -2.322169436932474480e-04 6.852596924397583081e-08 2.243236772253929365e-07 -1.436446816570743842e-06 -2.699185139951656459e-07 4.575192973352556149e-08 1.688264647812249143e-07 3.175134282504911310e-07 4.404095970882140235e-06 4.373618080052808229e-05 -8.947595392324908699e-05 -3.717676008167906705e-07 6.545087109506992266e-08 1.084869612368094123e-06 2.189292516567323087e-06 2.266056741217141012e-06
4.041479376202377141e-03 -9.725315258979420592e-04 2.802436737676261818e-03 1.310297137021619570e-05 -1.560896142389153621e-04 9.682326866806246568e-04 1.459270629086944185e-05 -1.442839014583601044e-05 -5.358658546437379072e-05 8.284147427145159472e-05 4.373618080052808229e-05 8.481683229611345354e+00 -7.155106642443015419e-02 2.108944508369415134e-05 2.220591254767987201e-05 -2.407126499793582001e-05 -2.521220745634284257e-04 -3.568503654587360549e-04
3.078362723690481525e-03 -1.262180709852669437e-04 6.544802752090420062e-02 -2.180586603129800060e-05 1.315124841931418227e-05 2.964724155536742952e-03 5.507253488402404632e-05 -2.824122773976332646e-06 -8.730778063470609701e-05 8.020019469711219345e-06 -8.947595392324908699e-05 -7.155106642443015419e-02 8.319701133868255383e+00 1.376646520064907242e-04 7.564013683804312523e-06 -1.938890202981088289e-04 -5.664920889306644105e-04 -8.222033523280119008e-04
1.274167388806538465e-05 -1.369390207505041613e-06 2.410409855896000417e-04 -5.670796875155799114e-08 6.564573326002058787e-08 8.511903588458561269e-06 -6.613435527376820910e-07 3.143432102555413618e-07 1.310032241827398646e-08 -1.405377956450496907e-07 -3.717676008167906705e-07 2.108944508369414795e-05 1.376646520064906971e-04 2.393671846999762001e-05 8.590769769035266329e-07 -2.037624485767073111e-07 -1.538097035617115045e-06 -2.969060514884282701e-06
1.624204089016960859e-05 2.344006941503467071e-06 -9.654409832314540957e-07 1.790532159017006400e-08 -1.178655612592484047e-06 -4.124132414352057479e-06 5.734485473158809396e-07 -1.614610584081511705e-06 5.051854610543960704e-07 2.978682832493753125e-07 6.545087109506994913e-08 2.220591254767987201e-05 7.564013683804312523e-06 8.590769769035266329e-07 1.965184725518587591e-05 1.937009785367893163e-06 1.843705773176697111e-06 1.343418491573419256e-06
2.705317533793470956e-06 8.022714298142361944e-06 -6.576933059570022394e-04 1.860175677131115684e-07 -2.798282553498065204e-06 -1.866944782233000358e-05 -2.602259916668693148e-07 6.423286542778531139e-07 -1.222028623502515292e-06 1.048807146212285624e-06 1.084869612368094123e-06 -2.407126499793582001e-05 -1.938890202981088289e-04 -2.037624485767072317e-07 1.937009785367893163e-06 1.798802629442144830e-05 7.401592061087438679e-06 9.659938213375294952e-06
-3.867241627690108408e-05 1.093146407900682550e-05 -1.334842119314599146e-03 3.626416821128067728e-07 -2.902850310058280674e-06 -2.856084011292899611e-05 -1.106831391680143722e-06 5.561979465203191356e-07 1.364682926120183958e-06 -1.894871340487387698e-07 2.189292516567323087e-06 -2.521220745634284257e-04 -5.664920889306644105e-04 -1.538097035617115045e-06 1.843705773176697111e-06 7.401592061087438679e-06 2.248103625412748777e-05 1.917636210533534455e-05
-1.347167714457683796e-04 9.942334356091782991e-06 -1.946405390904189670e-03 5.487957572721654550e-07 -2.042385555281964122e-08 -2.304585951593765157e-05 -2.176535496999729112e-06 2.656692566027684682e-07 1.645207294288771244e-06 2.303907661785308625e-06 2.266056741217141012e-06 -3.568503654587360549e-04 -8.222033523280119008e-04 -2.969060514884282701e-06 1.343418491573419256e-06 9.659938213375294952e-06 1.917636210533534455e-05 3.577112304758093403e-05
