# logA ns H0 omegabh2 omegach2 w w_growth omegam_growth LSST_DZ_S1 LSST_DZ_S2 LSST_DZ_S3 LSST_DZ_S4 LSST_DZ_S5 LSST_A1_1 LSST_A1_2 LSST_M1 LSST_M2 LSST_M3 LSST_M4 LSST_M5
6.897530183245686661e-03 9.635302259442000755e-04 -7.356432109850896683e-02 -3.308411856829189112e-07 -4.873532748169783044e-04 1.698956502534153777e-03 6.209321782757308041e-04 -7.519509063327489045e-04 -3.075951319076080478e-06 1.193480139844882905e-06 1.657507223847997483e-05 7.582448104437516694e-06 -9.757948381866887665e-06 1.987735375429114035e-04 5.020715778284425002e-03 3.085683305872617847e-06 1.128258652936513719e-05 1.344121975197443890e-05 -5.088114684299922451e-07 -6.180422637611077520e-05
9.635302259442000755e-04 3.726698853444461446e-04 -1.478354255457923518e-02 -1.272504755300946395e-07 -1.110095495871967093e-04 1.792456063178843231e-04 -9.278987053238531681e-04 -1.999083173105485481e-04 -8.895924107128236681e-07 1.806203985859515318e-07 1.626558276928775512e-06 2.129214680378637044e-06 3.446700468452410326e-07 -1.418582156092705647e-03 1.806927933160465839e-03 1.148524736686030451e-06 3.857124401244786792e-07 1.112374202224455416e-06 1.108484305354112483e-06 2.355152136085523999e-06
-7.356432109850896683e-02 -1.478354255457923518e-02 1.687122568241917531e+00 1.888334975280282562e-04 7.540646823149420828e-03 -3.254944825435999306e-02 4.343053767854387209e-02 1.264184460213451343e-02 2.070188934080066754e-04 2.133921906326705846e-04 -3.830537078703731102e-05 -1.005149624312407891e-04 -6.417040683568477370e-05 -1.721616655295790943e-01 -1.154981000179444023e-01 7.668576361755100241e-05 1.858057061466761675e-04 7.731102444032369905e-05 -1.178856860849879896e-04 -3.184127338816041550e-04
-3.308411856829189112e-07 -1.272504755300946395e-07 1.888334975280282562e-04 2.533596454610337032e-07 3.585967202667592707e-07 3.880978265532079542e-07 -2.158079778814007398e-06 -7.741447977395228730e-07 -2.675955471199049722e-08 1.234101500647812712e-08 1.363893363804356591e-08 -3.066612063410311910e-09 -2.383433988670221572e-08 -4.936091901288529793e-05 -6.318238976010960963e-05 4.548339111649234853e-08 3.730655225932400123e-08 4.206771927475203375e-08 3.721263600629999966e-08 2.561177372718699182e-08
-4.873532748169783044e-04 -1.110095495871967093e-04 7.540646823149420828e-03 3.585967202667592707e-07 5.308428533903091542e-05 -1.200953636752500112e-04 5.416892811904199445e-04 1.414269310566604505e-04 1.682477960612308868e-07 3.742297322331142839e-07 -4.484491868864705175e-07 -7.078638601964595644e-07 -1.559221821311516004e-07 1.606335558672796198e-04 -7.429653054064110432e-04 -1.884187802007152406e-07 -4.068848449027086844e-07 -5.066772329151142255e-07 1.017746086618048979e-07 4.900260028993796403e-07
1.698956502534153777e-03 1.792456063178843231e-04 -3.254944825435999306e-02 3.880978265532079542e-07 -1.200953636752500112e-04 1.809969289613250513e-03 -4.679921001240298635e-04 -2.587763974034677219e-04 -6.728998947993160492e-06 -9.589659510783095234e-06 3.989380332767340374e-06 5.795010556398705357e-06 2.043405210114413657e-06 2.807873822948849917e-04 -2.284900022849141715e-03 -6.068653107260665347e-06 -6.992083239876121981e-06 -3.631297879396982638e-06 1.352803216711860856e-05 2.431463578955807381e-05
6.209321782757308041e-04 -9.278987053238531681e-04 4.343053767854387209e-02 -2.158079778814007398e-06 5.416892811904199445e-04 -4.679921001240298635e-04 2.306369684991636457e-02 4.049145228549533120e-03 -5.787659142542053543e-06 1.781937443729239359e-05 2.810683046471393903e-05 1.088107470725755195e-06 -2.433347331634025929e-05 2.061142574642388370e-02 -2.682608040832414335e-04 -5.022230966961795168e-07 1.510643585331309752e-05 3.081094576028163171e-05 2.966930539778150631e-05 -8.717156817996185646e-05
-7.519509063327489045e-04 -1.999083173105485481e-04 1.264184460213451343e-02 -7.741447977395228730e-07 1.414269310566604505e-04 -2.587763974034677219e-04 4.049145228549533120e-03 1.182463220944222470e-03 1.533828917314759567e-06 3.562316536139915046e-06 1.090277456686185972e-06 -9.660550648837907868e-07 -1.524613107574703371e-06 6.114730065739693715e-03 1.971216151035736028e-03 1.264691234569748990e-06 1.383261475848754770e-07 1.413588387386627785e-06 3.309897962667840035e-06 -3.304605915277663383e-06
-3.075951319076079631e-06 -8.895924107128236681e-07 2.070188934080066754e-04 -2.675955471199049722e-08 1.682477960612308603e-07 -6.728998947993160492e-06 -5.787659142542053543e-06 1.533828917314759567e-06 3.142528984576001552e-06 2.286478910060132709e-07 1.019885229432851134e-07 3.516127638884689393e-09 -6.698377552568653125e-08 -5.223252159146296380e-06 1.381497375253431299e-05 -9.721318326093360589e-07 6.139787288481401129e-07 3.816610429811135104e-07 -3.084859258050758117e-08 -4.026788772809984216e-07
1.193480139844882905e-06 1.806203985859515318e-07 2.133921906326705846e-04 1.234101500647812712e-08 3.742297322331142839e-07 -9.589659510783095234e-06 1.781937443729239359e-05 3.562316536139915046e-06 2.286478910060132709e-07 3.248441475238172847e-06 2.818977493457520101e-07 1.305876210246053073e-07 6.918757342901953759e-08 -2.086720886588245281e-04 6.611173774662562153e-05 3.895706762363954912e-07 -1.829351484215933675e-06 6.405087111386012639e-07 5.310072183783906956e-07 9.138838444661527465e-08
1.657507223847996805e-05 1.626558276928777418e-06 -3.830537078703729747e-05 1.363893363804358080e-08 -4.484491868864697763e-07 3.989380332767337833e-06 2.810683046471393903e-05 1.090277456686187031e-06 1.019885229432851134e-07 2.818977493457520101e-07 3.456267179552581745e-06 2.270502184631109046e-07 5.667043843139992959e-09 3.969444653459311813e-05 -1.087464811100794882e-04 8.860581525840386150e-08 5.048448974901225278e-07 -1.588848644149572884e-06 8.046453474424172243e-07 6.920546224006232285e-07
7.582448104437516694e-06 2.129214680378637044e-06 -1.005149624312407891e-04 -3.066612063410311910e-09 -7.078638601964595644e-07 5.795010556398705357e-06 1.088107470725755195e-06 -9.660550648837907868e-07 3.516127638884689393e-09 1.305876210246053073e-07 2.270502184631109046e-07 3.433580279236135181e-06 8.972167659389208558e-08 3.529589837366436630e-05 1.887608427509007507e-04 6.175216966511775932e-08 2.235491805804312892e-07 4.888826300863685405e-07 -1.242502103478919702e-06 6.976353770006529606e-07
-9.757948381866887665e-06 3.446700468452410326e-07 -6.417040683568477370e-05 -2.383433988670221572e-08 -1.559221821311516004e-07 2.043405210114413657e-06 -2.433347331634025929e-05 -1.524613107574703371e-06 -6.698377552568653125e-08 6.918757342901953759e-08 5.667043843139992959e-09 8.972167659389208558e-08 3.625695695803902475e-06 -1.325971674832635905e-04 5.985645266223761971e-05 -9.569948768388429867e-08 1.310680357580613648e-08 1.605361221023268689e-07 4.112686468440365827e-07 -4.343795064656376327e-07
1.987735375429244952e-04 -1.418582156092706298e-03 -1.721616655295789833e-01 -4.936091901288533181e-05 1.606335558672797011e-04 2.807873822948843412e-04 2.061142574642390451e-02 6.114730065739685042e-03 -5.223252159146317556e-06 -2.086720886588245281e-04 3.969444653459311813e-05 3.529589837366434597e-05 -1.325971674832635905e-04 8.210088804202568369e+00 5.178815482041475571e-01 -2.145109479061132259e-04 3.055703456834910721e-04 2.636192481710051199e-05 9.055294852495220927e-05 1.973624995353442403e-04
5.020715778284425002e-03 1.806927933160465188e-03 -1.154981000179444023e-01 -6.318238976010960963e-05 -7.429653054064110432e-04 -2.284900022849141715e-03 -2.682608040832387773e-04 1.971216151035736028e-03 1.381497375253431299e-05 6.611173774662562153e-05 -1.087464811100794610e-04 1.887608427509006965e-04 5.985645266223761971e-05 5.178815482041476681e-01 8.368474203222284302e+00 9.954137854112745428e-05 2.197891755139909744e-04 1.422926727021243097e-04 -2.224344684929018876e-05 8.364018627675899728e-05
3.085683305872617847e-06 1.148524736686030451e-06 7.668576361755100241e-05 4.548339111649234853e-08 -1.884187802007152406e-07 -6.068653107260663653e-06 -5.022230966961795168e-07 1.264691234569748778e-06 -9.721318326093360589e-07 3.895706762363954912e-07 8.860581525840386150e-08 6.175216966511775932e-08 -9.569948768388431190e-08 -2.145109479061132259e-04 9.954137854112745428e-05 2.348310537307095807e-05 1.158137880980008602e-06 9.264348400600854459e-07 2.907844477267076276e-07 -1.729187798485844540e-07
1.128258652936512872e-05 3.857124401244784145e-07 1.858057061466760862e-04 3.730655225932398800e-08 -4.068848449027091608e-07 -6.992083239876122828e-06 1.510643585331309413e-05 1.383261475848757947e-07 6.139787288481401129e-07 -1.829351484215933675e-06 5.048448974901225278e-07 2.235491805804312362e-07 1.310680357580613648e-08 3.055703456834910721e-04 2.197891755139909744e-04 1.158137880980008602e-06 2.008852793691598708e-05 1.832174379621297744e-06 1.371255024037969112e-06 8.267794108307812698e-07
1.344121975197443890e-05 1.112374202224455416e-06 7.731102444032369905e-05 4.206771927475203375e-08 -5.066772329151142255e-07 -3.631297879396982638e-06 3.081094576028163171e-05 1.413588387386627785e-06 3.816610429811135104e-07 6.405087111386012639e-07 -1.588848644149572884e-06 4.888826300863685405e-07 1.605361221023268689e-07 2.636192481710049166e-05 1.422926727021243097e-04 9.264348400600854459e-07 1.832174379621297744e-06 1.607034018170117479e-05 3.249052686083822006e-06 2.789341771810246022e-06
-5.088114684299919275e-07 1.108484305354112483e-06 -1.178856860849879896e-04 3.721263600629999966e-08 1.017746086618048979e-07 1.352803216711860856e-05 2.966930539778150631e-05 3.309897962667840035e-06 -3.084859258050758117e-08 5.310072183783906956e-07 8.046453474424172243e-07 -1.242502103478919702e-06 4.112686468440365827e-07 9.055294852495222283e-05 -2.224344684929023281e-05 2.907844477267076276e-07 1.371255024037969112e-06 3.249052686083822006e-06 1.405174455879258369e-05 6.019489880510588343e-06
-6.180422637611078876e-05 2.355152136085524846e-06 -3.184127338816040466e-04 2.561177372718692564e-08 4.900260028993794286e-07 2.431463578955806704e-05 -8.717156817996187001e-05 -3.304605915277658301e-06 -4.026788772809984216e-07 9.138838444661527465e-08 6.920546224006232285e-07 6.976353770006529606e-07 -4.343795064656376327e-07 1.973624995353441861e-04 8.364018627675899728e-05 -1.729187798485844540e-07 8.267794108307812698e-07 2.789341771810246022e-06 6.019489880510588343e-06 1.552512470018127695e-05
