# logA ns H0 omegab omegam omegam_growth LSST_DZ_S1 LSST_DZ_S2 LSST_DZ_S3 LSST_DZ_S4 LSST_DZ_S5 LSST_A1_1 LSST_A1_2 LSST_M1 LSST_M2 LSST_M3 LSST_M4 LSST_M5
5.903771273397339855e-03 8.976329724112989310e-04 -9.853198180466521405e-02 -4.197710014294417732e-05 -4.448886224790435167e-04 -8.228145755170458578e-04 1.160159812315583340e-06 1.206959502752908927e-05 1.397988316480187603e-05 9.085925068791945731e-06 -9.144025275692232093e-06 -3.713464435277175936e-03 -9.052759658347008269e-04 3.119341226861661821e-06 1.683329621734412364e-05 1.479279737272150717e-05 -8.559135589056067822e-06 -7.391206897382894710e-05
8.976329724112989310e-04 3.589197183490875406e-04 -1.995439805094194677e-02 -3.208103758197774478e-07 -6.914854322918659161e-05 -2.140366459255433736e-05 1.413012559092048490e-07 1.310286341081557498e-06 1.319457177879423501e-06 2.014450343869926464e-06 2.641190094158729182e-07 -1.040230364325538359e-04 1.614228451736262419e-05 -7.114442787345816775e-07 2.163702626575385380e-06 4.009304784005075717e-06 3.136658887269546229e-06 1.545215770641654004e-06
-9.853198180466521405e-02 -1.995439805094194677e-02 6.947269090236809497e+00 7.974484124727877765e-03 -2.888273126551149997e-03 -3.177753620771051925e-03 5.486971121551544891e-05 -5.042126956563095652e-05 -1.992611718825744189e-05 -7.466211037032069572e-05 3.447033262589962966e-05 7.409282873671049763e-02 -1.001986232233143537e-01 1.311083799965802148e-04 2.113825332530180532e-04 1.453075655731749188e-04 -9.649452063884386048e-05 -4.650192424546858863e-04
-4.197710014294417732e-05 -3.208103758197774478e-07 7.974484124727877765e-03 1.468723432934661189e-05 -5.971224066661417908e-06 -4.578210433285028811e-06 7.914128231392406631e-08 1.289576173654151447e-07 6.368519450651846940e-08 8.491530216954022214e-08 9.280082085967668134e-08 6.064884255059692429e-05 3.894361570126937704e-06 1.202447325890715080e-07 2.712612197234373240e-07 3.925782183916359864e-07 -1.512004912695351863e-07 -7.797873875057307826e-07
-4.448886224790435167e-04 -6.914854322918659161e-05 -2.888273126551149997e-03 -5.971224066661417908e-06 6.516289946158759230e-05 8.459684062844145065e-05 -3.447738556806580385e-07 -1.350610068376168527e-06 -1.787548420662212610e-06 -1.006979750463880003e-06 8.680597153868182193e-07 1.889039588662298015e-04 6.284993249420213436e-04 -6.911941624073514261e-07 -2.956557283671547140e-06 -2.969157231472985164e-06 -5.851524531831534310e-07 6.806432135574637274e-06
-8.228145755170458578e-04 -2.140366459255433736e-05 -3.177753620771051925e-03 -4.578210433285028811e-06 8.459684062844145065e-05 5.686073983772776171e-04 3.282430041438825888e-06 -1.147081048636696947e-06 -2.933151388508660632e-06 -2.348108691550435351e-06 2.067769355300443681e-06 2.221548938565110127e-04 -6.768878992832059929e-04 2.698107034378954440e-06 -3.142958983244382761e-06 -5.748165397664631204e-06 -1.934868614992400069e-06 1.749398359745562689e-05
1.160159812315583340e-06 1.413012559092048490e-07 5.486971121551544891e-05 7.914128231392406631e-08 -3.447738556806580385e-07 3.282430041438825888e-06 3.303779675099158858e-06 2.166302817744212746e-07 1.288791828282655796e-07 6.384958363695739639e-08 -3.088944423126669808e-08 8.629484461770400763e-05 1.614864405194624389e-05 -9.575623086319964952e-07 6.746200262219934423e-07 4.661441322868966476e-07 1.290418186697832826e-07 -9.400709684432322944e-08
1.206959502752908927e-05 1.310286341081557498e-06 -5.042126956563095652e-05 1.289576173654151447e-07 -1.350610068376168527e-06 -1.147081048636696947e-06 2.166302817744212746e-07 3.043474643624005555e-06 2.436091551837246236e-07 1.546842184233738617e-07 4.662737709086130594e-08 5.935456858824597924e-05 -1.185765653596956886e-04 3.342382089558507588e-07 -1.611733755855168179e-06 7.180438494472054198e-07 6.519407706955671911e-07 4.384000428452368155e-07
1.397988316480187603e-05 1.319457177879423501e-06 -1.992611718825744189e-05 6.368519450651846940e-08 -1.787548420662212610e-06 -2.933151388508660632e-06 1.288791828282655796e-07 2.436091551837246236e-07 3.404901404224106085e-06 2.785062623750843639e-07 7.963723340144186709e-08 -1.475323387536149990e-04 -5.131552453928653047e-05 1.635002667323566641e-07 4.677178293071934603e-07 -1.771220183778808390e-06 6.151617465576113098e-07 4.006692146752295802e-07
9.085925068791945731e-06 2.014450343869926464e-06 -7.466211037032070928e-05 8.491530216954022214e-08 -1.006979750463880003e-06 -2.348108691550435351e-06 6.384958363695739639e-08 1.546842184233738617e-07 2.785062623750843639e-07 3.610711958523255423e-06 6.706864847558955471e-08 -5.257270409755534927e-05 -1.119452222099150053e-04 5.323519047550864063e-08 2.580275657758177487e-07 3.873334586924098475e-07 -1.531931162245993469e-06 4.704813074742056165e-07
-9.144025275692232093e-06 2.641190094158729182e-07 3.447033262589962289e-05 9.280082085967668134e-08 8.680597153868182193e-07 2.067769355300443681e-06 -3.088944423126669808e-08 4.662737709086130594e-08 7.963723340144186709e-08 6.706864847558955471e-08 3.826563778523548128e-06 -2.518347455121594265e-04 -1.759441772096893136e-04 -7.396313581166091290e-09 9.702990198555236202e-08 1.570511427626964246e-07 3.570431864031501382e-07 -6.744491917188729294e-07
-3.713464435277175936e-03 -1.040230364325537681e-04 7.409282873671049763e-02 6.064884255059694462e-05 1.889039588662298015e-04 2.221548938565110127e-04 8.629484461770400763e-05 5.935456858824597924e-05 -1.475323387536149990e-04 -5.257270409755534927e-05 -2.518347455121594265e-04 8.312784717615281593e+00 -2.299483968960004121e-01 -1.497532066735819494e-04 -5.060431924948063020e-05 6.208813216762594349e-05 7.388621335110847168e-05 2.681161791923436272e-04
-9.052759658347008269e-04 1.614228451736262419e-05 -1.001986232233143537e-01 3.894361570126937704e-06 6.284993249420213436e-04 -6.768878992832059929e-04 1.614864405194624389e-05 -1.185765653596956886e-04 -5.131552453928653047e-05 -1.119452222099150053e-04 -1.759441772096893136e-04 -2.299483968960004121e-01 8.444664352463306045e+00 -3.716168693208293799e-05 -4.627768631667827080e-05 -1.420165708384069699e-04 -1.625455666546154522e-04 -1.359743366031171473e-04
3.119341226861661821e-06 -7.114442787345816775e-07 1.311083799965802148e-04 1.202447325890715080e-07 -6.911941624073514261e-07 2.698107034378954016e-06 -9.575623086319964952e-07 3.342382089558507588e-07 1.635002667323566641e-07 5.323519047550864063e-08 -7.396313581166091290e-09 -1.497532066735819494e-04 -3.716168693208293799e-05 2.369576087534842345e-05 1.003580362157984066e-06 7.465408405358966655e-07 3.504877714321911743e-07 -1.533736116651747609e-07
1.683329621734412364e-05 2.163702626575385380e-06 2.113825332530180803e-04 2.712612197234373240e-07 -2.956557283671547140e-06 -3.142958983244382761e-06 6.746200262219934423e-07 -1.611733755855168179e-06 4.677178293071934603e-07 2.580275657758177487e-07 9.702990198555236202e-08 -5.060431924948063020e-05 -4.627768631667827080e-05 1.003580362157984066e-06 1.971534942714589950e-05 1.865886648420662877e-06 1.529068094932912970e-06 8.456659532762457785e-07
1.479279737272150717e-05 4.009304784005075717e-06 1.453075655731749188e-04 3.925782183916360923e-07 -2.969157231472985164e-06 -5.748165397664631204e-06 4.661441322868966476e-07 7.180438494472054198e-07 -1.771220183778808390e-06 3.873334586924098475e-07 1.570511427626964246e-07 6.208813216762594349e-05 -1.420165708384069699e-04 7.465408405358966655e-07 1.865886648420662877e-06 1.612511192119102661e-05 3.227359151989583040e-06 3.220804004000156126e-06
-8.559135589056067822e-06 3.136658887269546229e-06 -9.649452063884386048e-05 -1.512004912695351863e-07 -5.851524531831534310e-07 -1.934868614992400069e-06 1.290418186697832826e-07 6.519407706955671911e-07 6.151617465576113098e-07 -1.531931162245993469e-06 3.570431864031501382e-07 7.388621335110847168e-05 -1.625455666546154522e-04 3.504877714321911743e-07 1.529068094932912970e-06 3.227359151989583040e-06 1.405958002371865080e-05 5.879383758750447199e-06
-7.391206897382894710e-05 1.545215770641654004e-06 -4.650192424546858863e-04 -7.797873875057307826e-07 6.806432135574637274e-06 1.749398359745562689e-05 -9.400709684432322944e-08 4.384000428452368155e-07 4.006692146752295802e-07 4.704813074742056165e-07 -6.744491917188729294e-07 2.681161791923436814e-04 -1.359743366031171202e-04 -1.533736116651747609e-07 8.456659532762457785e-07 3.220804004000156126e-06 5.879383758750447199e-06 1.506535495999622466e-05
