# logA ns H0 omegab omegam omegam_growth LSST_DZ_S1 LSST_DZ_S2 LSST_DZ_S3 LSST_DZ_S4 LSST_DZ_S5 LSST_A1_1 LSST_A1_2 LSST_DZ_L1 LSST_DZ_L2 LSST_DZ_L3 LSST_DZ_L4 LSST_DZ_L5 LSST_B1_1 LSST_B1_2 LSST_B1_3 LSST_B1_4 LSST_B1_5 LSST_M1 LSST_M2 LSST_M3 LSST_M4 LSST_M5
4.922329074558326120e-03 1.079501507326278715e-03 -1.530985485027671622e-01 -1.267738200515185806e-04 -2.428008553981561362e-04 -5.747991009981168490e-04 1.067950660394089744e-07 4.870815901904929340e-06 4.472345320741733635e-06 -2.576376710685148456e-06 -1.059033902885811274e-06 4.219339473568086557e-03 -3.833662969662415300e-03 2.187142329806301497e-05 2.794383079423443301e-05 1.975061260469257546e-05 -5.599530185908696142e-06 2.972715412568004134e-06 -5.809646620382600450e-04 -6.396467161544370844e-04 -7.084717159026220285e-04 -8.262085442227506743e-04 -9.816070362121550284e-04 -1.186874928684543145e-06 7.101168333169480375e-06 3.867406286211495399e-06 -2.685964941955710638e-06 -3.508299306787360748e-05
1.079501507326278715e-03 4.120007213166097804e-04 -3.981011226396744679e-02 -1.236213403442519379e-05 -3.196644910555718503e-05 3.227928287392597078e-05 -4.373012797117343751e-07 6.884944796217507058e-07 1.289394316524530466e-06 7.812743418064941138e-08 3.081383329558841244e-06 1.047092892849841705e-03 -9.079980315838930829e-04 5.566294198682310970e-07 9.717363311812334159e-07 2.954868850066663345e-06 -2.691397294313527449e-06 7.137619433759575994e-08 -7.327885136974775725e-05 -5.132677005701282802e-05 -2.152395285688940679e-05 -8.514944695467928552e-06 4.537222397894583874e-06 -9.521215401173872849e-07 4.123108699287839549e-07 4.896644626469170640e-07 4.468048170073199180e-06 6.820151941105785510e-06
-1.530985485027671622e-01 -3.981011226396744679e-02 9.661011746933356292e+00 8.502586144047707267e-03 -5.311474962287766020e-03 -6.350654697019443747e-03 2.099188644223473328e-04 3.942066711375789693e-05 -1.597505718845008624e-04 -3.401363243576979110e-05 -3.360241380071551085e-04 -2.043120824911984559e-02 2.306538318444959212e-01 -2.155704475127706601e-05 2.775521266538959501e-04 3.160826566806060925e-05 5.532327875228244774e-04 3.711480160116976284e-04 -1.437372570662255079e-02 -1.249607118225750345e-02 -1.493406372666319058e-02 -1.485148753062845439e-02 -1.387485635610597595e-02 3.659432487717912964e-05 2.071501169258614292e-04 4.237151800380262266e-04 -5.975669939190772538e-05 -6.646629651116118306e-04
-1.267738200515185806e-04 -1.236213403442519379e-05 8.502586144047707267e-03 2.046963601587232319e-05 1.151042088200191862e-05 2.174731964983740869e-05 1.943170040814758810e-07 -2.378111089195786780e-07 -1.884993402684677695e-07 -9.109482762789298098e-08 -2.110811754108627366e-07 6.841788166678650009e-05 1.812098756949365869e-04 -1.174728521186920656e-06 -1.315498944690795313e-06 -1.410550150985116791e-06 -9.269347198491407041e-07 -9.065201074478786349e-07 2.595066863263062378e-05 2.686597734334107519e-05 2.543670217094754776e-05 2.789088409489534788e-05 3.354288934170150389e-05 -1.045292504380632614e-07 -2.993000473455895468e-07 -4.867695585496461863e-07 -2.220562648961918723e-07 8.639689626544959724e-07
-2.428008553981561362e-04 -3.196644910555718503e-05 -5.311474962287766020e-03 1.151042088200191862e-05 7.459683022567915466e-05 1.057253370418693842e-04 -6.176870226475839698e-07 -1.254128472030022802e-06 -4.333482654753893590e-07 4.302561563572663293e-08 5.269446975187422707e-07 -4.636321002446054315e-04 -2.543477360992169901e-04 -4.111611464527995261e-06 -6.556616230314083886e-06 -5.059737243567542271e-06 -2.639775361391169554e-06 -3.228435186841269130e-06 1.806786249764358993e-04 1.770487899561279529e-04 1.879882137762204026e-04 2.015115075087835629e-04 2.203677439820766418e-04 -7.627979285000433089e-08 -2.567048924217738887e-06 -3.860938251478641070e-06 -1.689917021641323506e-06 5.089755236222641545e-06
-5.747991009981168490e-04 3.227928287392597078e-05 -6.350654697019443747e-03 2.174731964983740869e-05 1.057253370418693842e-04 5.508478447522342347e-04 2.094622583218688764e-06 -1.714479569785870560e-06 -1.331706668548743454e-06 5.919318500833777093e-07 4.555991567662373506e-06 -7.388449864603496061e-04 -2.507133815653478500e-04 -8.118763870449655597e-06 -1.138411706591230907e-05 -7.304061410220904146e-06 -6.949513975923495137e-06 -6.453354445064083697e-06 2.271719987181033051e-04 2.412822145551372455e-04 2.906192135520829626e-04 3.519703411029659204e-04 4.216380334473215767e-04 2.902418078050636564e-06 -1.910620974968673262e-06 -6.189695949638828676e-06 -2.837424211950091004e-06 1.522378106978163828e-05
1.067950660394089744e-07 -4.373012797117343751e-07 2.099188644223473328e-04 1.943170040814758810e-07 -6.176870226475839698e-07 2.094622583218688764e-06 3.007147842186973720e-06 2.598246737098238972e-07 2.196119450458568554e-08 2.287828520431045773e-08 4.920714832675600837e-08 -1.229042106290135941e-04 -4.268588838826341421e-05 6.353399709324535933e-07 3.917538868521649729e-07 1.669023226635144163e-07 9.576367577077535391e-09 -1.270952064687032928e-07 -3.192891738861313344e-06 -3.613343718964637724e-06 -2.861283294527732648e-06 -3.426758554999255948e-06 -3.290956935361982999e-06 -9.762306165460143372e-07 6.024472892042838700e-07 5.129954010178929829e-07 1.803121932030056523e-07 -1.818885316602939340e-07
4.870815901904929340e-06 6.884944796217508117e-07 3.942066711375789015e-05 -2.378111089195786780e-07 -1.254128472030022802e-06 -1.714479569785870560e-06 2.598246737098238972e-07 3.047096655016097283e-06 1.507702636527474588e-07 5.144240860340066478e-08 9.862700033756497029e-08 1.641127677780740857e-05 -4.026348670237449214e-05 3.849139308108210040e-07 4.889822227157140301e-07 3.983595225088686897e-07 1.889893487235683570e-07 1.568664154190884433e-07 -1.495847916054726271e-06 -2.668694791146061321e-06 -3.812574532869688618e-06 -3.313822194551550773e-06 -4.131860304838375621e-06 2.492469854388999753e-07 -1.769066772092822200e-06 6.545997122988864407e-07 5.698904848251244782e-07 3.332929129154162634e-07
4.472345320741732788e-06 1.289394316524530466e-06 -1.597505718845008624e-04 -1.884993402684677695e-07 -4.333482654753893590e-07 -1.331706668548743454e-06 2.196119450458568554e-08 1.507702636527474588e-07 3.177519705756184722e-06 3.744802257806524421e-08 6.420983765643567951e-08 -1.555138202284092543e-04 -7.163648525080938635e-05 7.912203250307746671e-08 4.982428371088081726e-07 5.001411068023881888e-07 1.429260679334029616e-07 2.054457934647984133e-07 1.466223310223060091e-06 1.396727654861809067e-06 8.363394330959982057e-07 -5.330815670939373033e-07 3.596980523926127538e-08 1.429441414862934946e-07 3.596098359589869983e-07 -1.718934367589969260e-06 7.733491289989266935e-07 7.657992580619510336e-07
-2.576376710685148456e-06 7.812743418064917315e-08 -3.401363243576977077e-05 -9.109482762789295451e-08 4.302561563572660646e-08 5.919318500833777093e-07 2.287828520431045112e-08 5.144240860340066478e-08 3.744802257806524421e-08 3.364113525740048816e-06 2.114546502209676662e-07 5.262084892383070251e-07 2.322359028688071039e-04 2.267411448405584373e-07 9.153341071495185207e-08 4.514126002115118546e-07 7.192028765862346642e-07 1.927184481126499849e-07 2.670332590264167906e-06 2.978954038382784472e-06 3.210601855340504567e-06 2.875992999091334914e-06 1.337584068868816441e-06 2.054213558706773898e-08 2.223698223262105875e-07 5.032467304767264544e-07 -1.285852898640667842e-06 7.686396196682038312e-07
-1.059033902885811274e-06 3.081383329558841244e-06 -3.360241380071551627e-04 -2.110811754108627366e-07 5.269446975187422707e-07 4.555991567662373506e-06 4.920714832675601499e-08 9.862700033756495706e-08 6.420983765643569275e-08 2.114546502209676662e-07 3.857670641761344602e-06 3.567576822301567804e-04 6.224497724323580557e-05 -1.724861987361356123e-08 -1.664907986978157456e-07 9.332469882650012737e-08 9.225938404279329146e-08 2.581201867238438347e-07 1.560538752684377312e-06 2.679192133695190280e-06 4.619668738331515032e-06 5.180183554072546919e-06 5.374485719753532720e-06 3.391891396638208527e-09 -3.437421543094367012e-09 1.359154751587938612e-07 2.378059626522107635e-07 -6.679515430381083112e-07
4.219339473568086557e-03 1.047092892849841705e-03 -2.043120824911984559e-02 6.841788166678651364e-05 -4.636321002446053773e-04 -7.388449864603496061e-04 -1.229042106290135941e-04 1.641127677780740857e-05 -1.555138202284092272e-04 5.262084892383005665e-07 3.567576822301567804e-04 8.389004328928717058e+00 1.511569519077240742e-01 -5.441918231320253441e-05 -3.237991607204345141e-04 -1.036544539086612347e-04 -1.840777584852321342e-04 -4.118987148370961519e-04 -1.907416904828132661e-03 -1.219562690848901513e-03 -1.367525659258253101e-03 -1.739790210026900558e-03 -1.800064859325528361e-03 -6.213390533931451248e-05 -6.875955124022616451e-05 1.302266185527744809e-04 4.201043000788671755e-06 -7.191546792207357056e-05
-3.833662969662415300e-03 -9.079980315838930829e-04 2.306538318444958935e-01 1.812098756949366411e-04 -2.543477360992169901e-04 -2.507133815653478500e-04 -4.268588838826341421e-05 -4.026348670237449214e-05 -7.163648525080937280e-05 2.322359028688071039e-04 6.224497724323580557e-05 1.511569519077241297e-01 8.571176945939194880e+00 2.095114142592023067e-04 1.138186968032384817e-04 2.307158916997612192e-04 2.265755447002848683e-04 -2.814627912326495593e-04 -8.188504540169479337e-04 5.228169464386694639e-04 3.403519717930915487e-04 3.443743763820262876e-04 -1.718859517447075521e-03 5.188346280398336838e-06 1.344601828045161366e-04 9.483579479101897814e-05 -4.371269723486253519e-05 8.639847270195594230e-05
2.187142329806301497e-05 5.566294198682310970e-07 -2.155704475127711683e-05 -1.174728521186920656e-06 -4.111611464527995261e-06 -8.118763870449653903e-06 6.353399709324534875e-07 3.849139308108210040e-07 7.912203250307746671e-08 2.267411448405584373e-07 -1.724861987361354800e-08 -5.441918231320252086e-05 2.095114142592022796e-04 9.425605775709585229e-06 2.304512017198656588e-07 9.611237007749862252e-07 6.173730663689574205e-07 -1.485888212710716863e-07 1.218880548442012249e-05 -1.852020991852114626e-05 -1.675402996452173828e-05 -1.627207303033835093e-05 -1.834871947920776978e-05 4.956142735128167927e-07 6.456289473316404875e-07 3.642465761443074313e-07 -3.499574787731161953e-07 -1.253195936383813922e-06
2.794383079423443301e-05 9.717363311812340512e-07 2.775521266538959501e-04 -1.315498944690795313e-06 -6.556616230314083886e-06 -1.138411706591230907e-05 3.917538868521649729e-07 4.889822227157140301e-07 4.982428371088081726e-07 9.153341071495182560e-08 -1.664907986978157456e-07 -3.237991607204345141e-04 1.138186968032384817e-04 2.304512017198656588e-07 1.173541402286313478e-05 2.876670677608518274e-07 3.899840535405980133e-07 7.344851485019103619e-07 -9.070587296794729192e-06 4.304776870270018869e-06 -2.155769399571281613e-05 -2.405035465061299666e-05 -2.403136217776057494e-05 6.487465938740420337e-07 4.636772775092782972e-07 2.190293580200504316e-07 3.477715167992410890e-11 -9.050297736687562507e-07
1.975061260469257546e-05 2.954868850066663345e-06 3.160826566806062280e-05 -1.410550150985116791e-06 -5.059737243567542271e-06 -7.304061410220904146e-06 1.669023226635144163e-07 3.983595225088686897e-07 5.001411068023881888e-07 4.514126002115118546e-07 9.332469882650016707e-08 -1.036544539086612347e-04 2.307158916997612192e-04 9.611237007749862252e-07 2.876670677608518274e-07 1.375927242416140006e-05 5.646759026361006820e-07 8.790562953621751333e-07 -3.935580069077002573e-06 -1.112117904974385676e-05 9.085432162245278575e-06 -1.429047605098792328e-05 -1.685194911569110851e-05 2.379626419329399745e-07 6.516135172985831860e-07 6.295617228960702326e-08 -1.412389519433069164e-07 -7.898042251588572358e-07
-5.599530185908696989e-06 -2.691397294313527873e-06 5.532327875228243690e-04 -9.269347198491407041e-07 -2.639775361391169554e-06 -6.949513975923495137e-06 9.576367577077535391e-09 1.889893487235683570e-07 1.429260679334029616e-07 7.192028765862346642e-07 9.225938404279329146e-08 -1.840777584852321342e-04 2.265755447002848954e-04 6.173730663689574205e-07 3.899840535405980133e-07 5.646759026361006820e-07 1.549430967773921951e-05 8.387307551745263538e-07 -2.806586275250659735e-06 -2.693041930298141032e-07 -5.169045224854156197e-06 1.947635773759424856e-05 -5.309121926613527816e-06 1.926765445445228715e-07 2.797588154515563359e-07 4.774714935056953085e-07 -2.886055442595603532e-07 -7.498245610788330933e-07
2.972715412568004134e-06 7.137619433759575994e-08 3.711480160116976826e-04 -9.065201074478786349e-07 -3.228435186841269130e-06 -6.453354445064083697e-06 -1.270952064687032928e-07 1.568664154190884168e-07 2.054457934647984133e-07 1.927184481126499320e-07 2.581201867238438347e-07 -4.118987148370961519e-04 -2.814627912326496135e-04 -1.485888212710716599e-07 7.344851485019103619e-07 8.790562953621751333e-07 8.387307551745263538e-07 1.799057793526605587e-05 -7.464498951062693532e-06 -2.700951568093853500e-06 -4.868082586742501210e-07 -7.077446847301073196e-06 1.818735669684590911e-05 2.082313208108445198e-08 1.147080632030919655e-07 2.375305879183686545e-07 1.805055062283029573e-07 -5.052590231890662925e-07
-5.809646620382600450e-04 -7.327885136974775725e-05 -1.437372570662255079e-02 2.595066863263062378e-05 1.806786249764358993e-04 2.271719987181033051e-04 -3.192891738861313344e-06 -1.495847916054726271e-06 1.466223310223060091e-06 2.670332590264167906e-06 1.560538752684377312e-06 -1.907416904828132661e-03 -8.188504540169479337e-04 1.218880548442012249e-05 -9.070587296794729192e-06 -3.935580069077002573e-06 -2.806586275250659735e-06 -7.464498951062693532e-06 8.295422894109373340e-04 3.929526862321863247e-04 4.579083943947077906e-04 5.059828432969105819e-04 5.488782377403808067e-04 -3.779290164856597929e-06 -4.929896924572232879e-06 -3.228942005283420110e-06 6.012634863960069262e-06 2.499537283122097461e-05
-6.396467161544370844e-04 -5.132677005701282802e-05 -1.249607118225750345e-02 2.686597734334107519e-05 1.770487899561279529e-04 2.412822145551372455e-04 -3.613343718964637724e-06 -2.668694791146061321e-06 1.396727654861809067e-06 2.978954038382784472e-06 2.679192133695190280e-06 -1.219562690848901513e-03 5.228169464386693555e-04 -1.852020991852114626e-05 4.304776870270018869e-06 -1.112117904974385676e-05 -2.693041930298141561e-07 -2.700951568093853500e-06 3.929526862321863247e-04 8.125955465610233772e-04 4.776265588803134854e-04 5.126855316038667499e-04 5.937612400065671878e-04 -8.785263618394446444e-07 -8.095167074859733154e-06 -4.846389474619433950e-06 7.800090575804169145e-06 3.045838320985213465e-05
-7.084717159026220285e-04 -2.152395285688940679e-05 -1.493406372666319058e-02 2.543670217094754776e-05 1.879882137762204026e-04 2.906192135520829626e-04 -2.861283294527732648e-06 -3.812574532869688618e-06 8.363394330959979940e-07 3.210601855340504567e-06 4.619668738331515032e-06 -1.367525659258253101e-03 3.403519717930915487e-04 -1.675402996452173828e-05 -2.155769399571281613e-05 9.085432162245278575e-06 -5.169045224854156197e-06 -4.868082586742504386e-07 4.579083943947077906e-04 4.776265588803134854e-04 8.750005369263702450e-04 6.046223654962004429e-04 6.728464923455616201e-04 -1.440290497544616289e-06 -5.903504749022030974e-06 -6.848133088920518439e-06 6.919211389507478071e-06 3.342933206245874870e-05
-8.262085442227506743e-04 -8.514944695467928552e-06 -1.485148753062845439e-02 2.789088409489534788e-05 2.015115075087835629e-04 3.519703411029659204e-04 -3.426758554999255948e-06 -3.313822194551551620e-06 -5.330815670939374092e-07 2.875992999091334914e-06 5.180183554072546919e-06 -1.739790210026900558e-03 3.443743763820262876e-04 -1.627207303033835093e-05 -2.405035465061299666e-05 -1.429047605098792328e-05 1.947635773759424856e-05 -7.077446847301073196e-06 5.059828432969105819e-04 5.126855316038667499e-04 6.046223654962004429e-04 9.674692866729667131e-04 7.620062999826875301e-04 -2.108102124454442347e-06 -7.316352625609099213e-06 -6.690900117077174092e-06 5.613145610381998045e-06 3.497520110631999521e-05
-9.816070362121550284e-04 4.537222397894583874e-06 -1.387485635610597595e-02 3.354288934170150389e-05 2.203677439820766418e-04 4.216380334473215767e-04 -3.290956935361982999e-06 -4.131860304838375621e-06 3.596980523926127538e-08 1.337584068868816441e-06 5.374485719753532720e-06 -1.800064859325528361e-03 -1.718859517447075737e-03 -1.834871947920777656e-05 -2.403136217776057494e-05 -1.685194911569110851e-05 -5.309121926613527816e-06 1.818735669684590911e-05 5.488782377403808067e-04 5.937612400065671878e-04 6.728464923455616201e-04 7.620062999826875301e-04 1.144244211748395718e-03 -2.050853926614516128e-06 -7.515367966390387450e-06 -6.593326983619091498e-06 8.258777339718253958e-06 4.101198053307868608e-05
-1.186874928684543357e-06 -9.521215401173870732e-07 3.659432487717912964e-05 -1.045292504380632482e-07 -7.627979285000434412e-08 2.902418078050636564e-06 -9.762306165460143372e-07 2.492469854388999753e-07 1.429441414862934946e-07 2.054213558706773567e-08 3.391891396638201910e-09 -6.213390533931452604e-05 5.188346280398311427e-06 4.956142735128167927e-07 6.487465938740420337e-07 2.379626419329399216e-07 1.926765445445228715e-07 2.082313208108442882e-08 -3.779290164856597929e-06 -8.785263618394447503e-07 -1.440290497544616501e-06 -2.108102124454442347e-06 -2.050853926614516128e-06 2.338057372097420794e-05 8.953534823281625455e-07 5.996358158649365246e-07 2.993426233874492463e-07 -1.064154578326469335e-07
7.101168333169479528e-06 4.123108699287840078e-07 2.071501169258614292e-04 -2.993000473455895468e-07 -2.567048924217738887e-06 -1.910620974968673262e-06 6.024472892042837641e-07 -1.769066772092822200e-06 3.596098359589869983e-07 2.223698223262105875e-07 -3.437421543094373216e-09 -6.875955124022616451e-05 1.344601828045161366e-04 6.456289473316404875e-07 4.636772775092784031e-07 6.516135172985831860e-07 2.797588154515563359e-07 1.147080632030919523e-07 -4.929896924572232879e-06 -8.095167074859731460e-06 -5.903504749022030974e-06 -7.316352625609099213e-06 -7.515367966390387450e-06 8.953534823281625455e-07 1.951615230295488946e-05 1.780653846034174843e-06 1.727713933789202226e-06 1.171608921136829700e-06
3.867406286211495399e-06 4.896644626469166405e-07 4.237151800380262266e-04 -4.867695585496461863e-07 -3.860938251478641070e-06 -6.189695949638828676e-06 5.129954010178929829e-07 6.545997122988864407e-07 -1.718934367589969260e-06 5.032467304767264544e-07 1.359154751587938612e-07 1.302266185527744809e-04 9.483579479101897814e-05 3.642465761443074313e-07 2.190293580200504581e-07 6.295617228960702326e-08 4.774714935056953085e-07 2.375305879183686545e-07 -3.228942005283420110e-06 -4.846389474619433950e-06 -6.848133088920518439e-06 -6.690900117077174092e-06 -6.593326983619091498e-06 5.996358158649365246e-07 1.780653846034174843e-06 1.604542576551599289e-05 3.146181192652466100e-06 3.207903821534811960e-06
-2.685964941955711061e-06 4.468048170073200027e-06 -5.975669939190774571e-05 -2.220562648961918723e-07 -1.689917021641323506e-06 -2.837424211950091004e-06 1.803121932030056788e-07 5.698904848251244782e-07 7.733491289989266935e-07 -1.285852898640667842e-06 2.378059626522107635e-07 4.201043000788659050e-06 -4.371269723486256230e-05 -3.499574787731161953e-07 3.477715167991932677e-11 -1.412389519433069164e-07 -2.886055442595603532e-07 1.805055062283029573e-07 6.012634863960069262e-06 7.800090575804169145e-06 6.919211389507478071e-06 5.613145610381998045e-06 8.258777339718253958e-06 2.993426233874492463e-07 1.727713933789202226e-06 3.146181192652466100e-06 1.386361946836628629e-05 5.667104102618388448e-06
-3.508299306787360748e-05 6.820151941105785510e-06 -6.646629651116118306e-04 8.639689626544959724e-07 5.089755236222641545e-06 1.522378106978164167e-05 -1.818885316602939340e-07 3.332929129154162634e-07 7.657992580619510336e-07 7.686396196682038312e-07 -6.679515430381083112e-07 -7.191546792207358411e-05 8.639847270195591519e-05 -1.253195936383813922e-06 -9.050297736687562507e-07 -7.898042251588572358e-07 -7.498245610788330933e-07 -5.052590231890662925e-07 2.499537283122097461e-05 3.045838320985213465e-05 3.342933206245874870e-05 3.497520110631999521e-05 4.101198053307868608e-05 -1.064154578326469864e-07 1.171608921136829700e-06 3.207903821534811960e-06 5.667104102618388448e-06 1.391911007139509012e-05
