# logA ns theta_MC_100 omegabh2 omegach2 tau w w_growth omegam_growth A_planck calib_100T calib_217T A_cib_217 xi_sz_cib A_sz ksz_norm gal545_A_100 gal545_A_143 gal545_A_143_217 gal545_A_217 ps_A_100_100 ps_A_143_143 ps_A_143_217 ps_A_217_217 galf_TE_A_100 galf_TE_A_100_143 galf_TE_A_100_217 galf_TE_A_143 galf_TE_A_143_217 galf_TE_A_217 LSST_DZ_S1 LSST_DZ_S2 LSST_DZ_S3 LSST_DZ_S4 LSST_DZ_S5 LSST_A1_1 LSST_A1_2 LSST_M1 LSST_M2 LSST_M3 LSST_M4 LSST_M5
3.422765504900856723e-04 6.932071163944474035e-05 1.346340851984697346e-05 1.906798787881676008e-06 6.812366227987378451e-06 1.153432521316300239e-04 7.012812664742726300e-05 1.236128046136970512e-03 1.483876732863355797e-04 9.805963849430410741e-06 1.621619747048295403e-07 1.027487733038856425e-07 1.941175313464907522e-03 -1.028547748876217518e-05 -4.457267488249293317e-04 2.572242153831417848e-04 -6.576787623103315860e-04 -4.402629803392922418e-04 -3.469210381436670793e-04 8.695102325176804446e-04 -1.020939401174901680e-02 -5.256961784228210898e-04 1.208522043243536251e-02 1.201029157535953598e-04 5.190605272984226422e-06 8.837177305837980292e-07 7.864541869844759500e-07 -6.547828432297778693e-06 -8.317617712354651506e-07 2.120340069719391763e-05 -9.493580013305386996e-07 5.875551149185965501e-07 1.014699896381093722e-06 6.574027175003421035e-07 -3.205590025922019594e-07 -7.510116811898357629e-05 -1.507656363149930442e-04 -1.585267788299647993e-06 1.091814585550982587e-06 3.756442417191732861e-06 2.247216691362745607e-06 -6.519849370468949597e-06
6.932071163944474035e-05 1.061008307239598810e-04 1.110426881325600129e-05 2.447159966025110596e-06 -2.122140964613786675e-06 3.688805136621619421e-06 4.188019771451329188e-05 -6.940670611670802517e-05 -3.398773277506372299e-05 -1.456035054988435581e-06 6.910548750126262565e-08 -2.101187966884574722e-08 1.408453878537509717e-03 -2.627702210358559662e-06 -2.455006733297959221e-05 -2.339449329490396728e-04 6.065264954968537523e-04 8.687268566569539545e-05 -1.812820795074828492e-04 -5.915362945097518005e-04 -1.585884420398229674e-02 -6.420023131881989233e-03 2.722811028718952458e-03 -5.629476135319503444e-03 -1.243436048273541171e-06 2.938076693151525224e-06 8.248227930745910300e-06 -4.260343987660623973e-06 -3.611229677632647867e-06 9.738500083182682562e-06 -2.685882079871505725e-07 3.571132245293112542e-07 4.662963066050571610e-07 1.885137490577397537e-07 4.462634269535233726e-07 -3.552682878672771492e-05 -5.769574016118862156e-05 -3.659021312500612406e-07 1.422509156855900012e-06 2.552668736964768642e-06 2.437015286687605564e-06 1.021372553539190618e-06
1.346340851984697346e-05 1.110426881325600129e-05 4.428101947124570993e-06 5.642428060613845735e-07 1.669428776956673151e-06 -7.489236323200589216e-07 1.040311287068154798e-05 5.626771774755753668e-05 3.722792038845706368e-06 -1.270086435457843805e-07 3.987915623231076916e-10 -1.530277241857624237e-09 3.369547582392889827e-05 -4.590533938093979580e-06 6.728060888324160279e-05 -3.875164571387181229e-05 2.851845614713112838e-05 5.325080948581782866e-06 3.710582635662791910e-05 -3.060173429045061485e-05 7.460386500106132995e-03 2.030013838760964112e-03 1.782086735924514036e-03 -2.152957648123139407e-03 -1.885199098238844475e-07 -5.170078753048389682e-07 1.901134627599249374e-06 -1.403899858127814869e-06 -8.391450318354190875e-07 2.363886136063275518e-06 -6.506747197894269590e-08 6.519972676548759006e-08 9.618337559605967125e-08 6.248339640678604916e-08 1.503496447871869646e-08 1.475146486901062229e-05 2.501315546114241903e-05 -1.418275618396217136e-07 2.383355631696538706e-07 5.210889422146901252e-07 4.090911308887246388e-07 -1.697518731841342552e-07
1.906798787881676008e-06 2.447159966025110596e-06 5.642428060613845735e-07 1.255176962871520655e-07 1.394132476487587454e-08 1.120069834980812567e-07 3.921087191169577951e-06 -5.929539384244252404e-06 -1.730464961073721349e-06 -2.066437677774064908e-08 5.801116013041239259e-09 -2.824799153534863025e-10 -5.901711650900619261e-05 -3.286463898355689371e-07 7.257212250339432276e-06 -9.397551910045458425e-06 3.067265303296975546e-06 -3.597733898871685227e-06 6.803693185969531618e-06 1.269406726286836481e-05 7.765898306455999928e-04 9.602570711703424110e-05 5.347810296296256994e-04 -4.126653652252123172e-04 1.368964280381293448e-08 -6.754034135254640280e-08 3.806003422808228449e-07 -3.722123121327925761e-07 -8.522738679703417732e-08 1.843675826085455674e-06 -1.299972691177077638e-08 2.524057738417257656e-09 8.023636378522383923e-09 6.724126052343021349e-09 1.387451267750496420e-08 -2.423338223187431880e-06 3.502608974851457297e-06 -1.247396318160729621e-08 2.555265879553740130e-08 6.514178529538606724e-08 7.716047100452423987e-08 6.212596544623076259e-08
6.812366227987380145e-06 -2.122140964613784981e-06 1.669428776956673151e-06 1.394132476487589109e-08 3.769895157386025746e-06 -4.040095929119639621e-06 -3.593337233087309270e-05 2.184703039232796778e-04 3.468252370993481172e-05 -1.248938871810645887e-07 5.335360573961615203e-09 2.592763262903501241e-09 -1.033711010832796286e-04 -5.555965377991761992e-06 -6.602666332009935443e-06 4.488791257189774745e-05 -5.541864219736848858e-05 1.043195221471960098e-05 6.370678921888372315e-06 1.744452364236477094e-05 3.257210756489810864e-03 -1.825241136060606645e-04 -6.822100286644856501e-04 -1.922602828083889905e-04 -1.409793791799462532e-07 -5.701174043759595759e-07 -6.817340539891063548e-07 1.404240894394409398e-06 7.140482864499055678e-07 1.385308904125871428e-06 -1.130701391763446436e-08 1.323698190678605395e-07 1.167870526335969521e-07 1.106051906494922522e-08 -1.585369887054083982e-07 -3.022166004129230688e-05 2.479989403212104851e-06 -1.182668069595961421e-07 2.413754770967863378e-07 3.171341357904746510e-07 -1.366973804688891948e-07 -1.302096925251667844e-06
1.153432521316300239e-04 3.688805136621619421e-06 -7.489236323200589216e-07 1.120069834980812567e-07 -4.040095929119637927e-06 6.671978775418482312e-05 8.734867241847690149e-05 1.119678723689981729e-04 2.784497068331228989e-06 -5.508850051712995137e-07 -9.410131064874465478e-08 5.941290855130728335e-08 1.628277337691857573e-03 1.124616187650524772e-05 -3.369809232888560708e-05 1.028613864102077217e-04 -1.019228464536030688e-04 -1.430687867669824483e-04 -6.740589386775223241e-05 -3.664924856463952778e-04 4.631100927140812014e-03 7.017309118709792216e-03 3.926728361248861543e-03 4.412667698889136125e-03 2.368844065407275203e-06 5.290365741906113621e-07 -7.168120393626669064e-07 -4.742818682558403444e-06 -2.713674523743666945e-06 2.006848507255124000e-05 -2.962479381643125402e-07 -7.167509744560602689e-08 8.027887587239217097e-08 1.733786342094241873e-07 4.476876740604566858e-08 2.115500107404999123e-05 -5.803339950752345609e-05 -2.799048625942643064e-07 -3.429413351534042820e-07 3.095528717127369863e-07 5.202364880449254866e-07 -6.508503111786065828e-07
7.012812664742726300e-05 4.188019771451329188e-05 1.040311287068154798e-05 3.921087191169577951e-06 -3.593337233087309270e-05 8.734867241847690149e-05 3.286825937171217529e-03 3.256727270281438999e-04 5.763844232212660731e-04 8.477068510580225218e-06 1.772746840023987405e-07 -6.670152598183308064e-09 -1.054986444192866808e-02 8.655873423070170331e-05 1.812499421691194138e-04 -4.401952124322974433e-04 8.467627525509743716e-04 -2.079871771476160742e-04 1.008768392437155853e-03 1.729313280846157212e-03 1.525732695944761151e-02 2.072688982843468378e-02 -8.643503945804077715e-03 4.806341859155948207e-03 1.870798758371771794e-05 8.699440862040220811e-06 9.730515058001204946e-06 -4.752450437808100939e-05 8.815498811169496110e-06 1.192593465161331543e-05 -1.432898625773107664e-05 -1.919668794664672876e-05 -1.052186571047240925e-05 2.622273560902755948e-06 1.296003232412294127e-05 1.447748357718514969e-03 2.723129052632307714e-03 -1.826759519655024209e-05 -4.041551569672509467e-05 -2.260793337779419868e-05 2.452719707553542992e-05 9.709766917808220475e-05
1.236128046136970512e-03 -6.940670611670802517e-05 5.626771774755753668e-05 -5.929539384244252404e-06 2.184703039232797049e-04 1.119678723689981729e-04 3.256727270281438999e-04 2.032483651856003409e-02 4.076418340825933503e-03 2.569018747642914924e-05 7.668028820701670277e-07 2.389424467458843222e-07 -4.545498283398778649e-03 -2.835202824781600539e-04 -3.036844049027485545e-03 3.749128173080880366e-03 -4.216834654541774113e-03 -3.646881033961998616e-04 -6.491369154532611839e-04 4.356475712499685397e-03 -4.709714001036637010e-02 -5.277632255906138797e-02 -1.230460777261168787e-01 4.046976659143936006e-02 1.997532195300483858e-05 -7.471824507508260681e-06 -1.065918092623315276e-04 9.983729129189326172e-05 8.127731968290448491e-05 -3.971298018310635402e-05 -1.596044684062685709e-05 -5.613152504346696062e-06 3.907346217038269048e-06 8.507316412589946254e-06 3.456106070625721483e-06 -9.888670993113974749e-04 1.069852704131368706e-03 -2.825164048688424010e-05 -1.455724743521070236e-05 2.300914994566301576e-05 4.538627863439804078e-05 3.109666431287124122e-05
1.483876732863355797e-04 -3.398773277506372299e-05 3.722792038845706368e-06 -1.730464961073721349e-06 3.468252370993481172e-05 2.784497068331228989e-06 5.763844232212660731e-04 4.076418340825933503e-03 1.238192200551442362e-03 3.965736678294740632e-06 1.219162013091198094e-07 -8.632500307590121756e-08 -4.689875072612916147e-03 -5.007089296892291291e-05 -5.982526976851397678e-04 7.187595823762495681e-04 -3.667351652358104720e-04 -9.534854490945204246e-05 4.945827408671573657e-04 2.624734481543974929e-03 -2.256081578590101930e-02 -1.072205014344277361e-02 -3.578228575101043835e-02 5.472062417042337923e-03 9.219453156431940533e-06 1.721113783666005909e-07 -3.485376675618653787e-05 9.722434737191052925e-06 2.108727820512834087e-05 3.243624199921872506e-05 -2.382896339268215567e-06 -3.803016991273521511e-06 -1.807092433558308852e-06 1.461451022239078122e-06 3.101185263897021934e-06 1.230260570602387878e-04 9.467491022400541896e-04 -4.673287247152311571e-06 -9.260860438245396018e-06 -3.158696254626332688e-06 7.359777950825465039e-06 2.005329219587211496e-05
9.805963849430410741e-06 -1.456035054988435581e-06 -1.270086435457843805e-07 -2.066437677774064908e-08 -1.248938871810647475e-07 -5.508850051712995137e-07 8.477068510580225218e-06 2.569018747642914924e-05 3.965736678294740632e-06 6.181687132437264612e-06 7.134271582706955401e-10 9.145119789570355823e-10 6.068975023396151226e-04 1.976910935914539821e-06 2.680895664006108012e-05 -7.129211542495984052e-05 -2.067484325866152578e-05 1.682058244835143589e-05 5.372296082379874308e-05 7.294547634262910822e-04 1.164569252340375656e-03 1.030779872238421794e-03 5.491454727818336629e-04 -8.815198758166872817e-04 1.281690093572014800e-06 1.596368356444283034e-07 -1.020494993652335815e-06 -2.810567517080353403e-07 1.267355882800997532e-06 -8.268889460584588288e-06 -3.639016161151034611e-08 -3.465643585731861967e-08 -1.258616446798194623e-09 3.227420227549253598e-08 -1.435837190658510183e-08 1.395463975801896485e-05 1.261361438416987617e-05 -7.089866516050658353e-08 -9.203106306871422659e-08 -3.724620787174412560e-08 1.518002771552185709e-08 -5.074049125176330917e-08
1.621619747048295403e-07 6.910548750126262565e-08 3.987915623231076916e-10 5.801116013041239259e-09 5.335360573961620166e-09 -9.410131064874465478e-08 1.772746840023987405e-07 7.668028820701670277e-07 1.219162013091198094e-07 7.134271582706955401e-10 4.368637576539900941e-07 -2.077572384044493966e-09 -1.811069622853205430e-04 7.859269921550894476e-07 4.563930562504690510e-05 -3.394490803921935621e-05 1.005766650817223958e-04 -1.013662699032458762e-04 -4.559393953325429873e-05 7.123233137315417528e-05 3.173653470543018416e-03 -3.705190555268238206e-03 -8.162405561505722959e-04 -1.220015778985820965e-04 1.813262688481942539e-08 3.854380661369157337e-09 5.151232126397281726e-07 9.230194258499977756e-09 -1.929562473902107611e-07 -8.451379316689272450e-07 2.378793309090538773e-09 1.772133749504413055e-09 1.041715147780287649e-08 -2.021853733260841796e-09 -7.098020239141816135e-10 7.920184981210266230e-06 -2.718016314639897133e-06 -1.294669211135933007e-08 5.880436246307422377e-09 -4.988448745558541061e-09 9.259423250637988342e-09 -2.550537956944899578e-09
1.027487733038856425e-07 -2.101187966884574722e-08 -1.530277241857624237e-09 -2.824799153534863025e-10 2.592763262903500000e-09 5.941290855130728335e-08 -6.670152598183308064e-09 2.389424467458843222e-07 -8.632500307590121756e-08 9.145119789570355823e-10 -2.077572384044493966e-09 4.175081744653197512e-07 5.861901711612025039e-04 9.318553191875577059e-07 -4.706377936349570455e-06 1.207090609807270318e-05 5.375492363535378150e-06 -2.442608108066637415e-05 2.740531553121372966e-04 5.383940126175441442e-04 -1.286271517188574212e-04 -9.586553579893467058e-04 1.656025222994084341e-03 1.716045347566351649e-04 -1.793337931760431454e-07 3.390981635594592720e-08 2.591114053436437648e-07 2.928814635180024952e-08 1.472811609050953404e-07 2.719384684271697134e-07 -9.147362584428611369e-11 4.947241549547625312e-09 5.990709472484335797e-11 -4.081028474843284687e-09 4.000384986818181833e-09 -8.597065859474552069e-06 5.092814904352898102e-06 2.296283020690797209e-09 1.418878058597869105e-09 1.604387953564386862e-09 3.287835626651798147e-09 -1.160458144664882344e-08
1.941175313464907522e-03 1.408453878537509717e-03 3.369547582392889827e-05 -5.901711650900619261e-05 -1.033711010832796421e-04 1.628277337691857573e-03 -1.054986444192866808e-02 -4.545498283398778649e-03 -4.689875072612916147e-03 6.068975023396151226e-04 -1.811069622853205430e-04 5.861901711612025039e-04 4.641912831302060454e+02 -1.359325447497251593e-01 -6.189638014244346342e-01 4.526525388751561629e-01 1.712992075708934525e-01 1.658998765399631037e-01 -1.923307483011253183e+01 -6.239813663843141711e+01 4.156992272407481437e+01 -1.911366800613585042e+02 8.050083063096220712e+02 -6.171802433202711882e+02 2.191651408137337918e-03 3.326614900622476643e-03 4.429130287743892821e-03 -1.736266042642730517e-02 -7.046452410728615105e-03 3.951455207353692101e-02 1.174608518496838807e-04 9.743679032357948234e-05 1.602496618440379115e-04 3.072874971244539887e-05 8.276668287647016007e-05 8.386732376792158106e-02 -1.114755735404919790e-01 -9.404457046765032783e-05 1.096889671910849097e-04 4.308462526819456539e-04 2.950422839146913702e-04 -1.770140516928092904e-04
-1.028547748876213960e-05 -2.627702210358567709e-06 -4.590533938093979580e-06 -3.286463898355696253e-07 -5.555965377991761992e-06 1.124616187650525958e-05 8.655873423070163555e-05 -2.835202824781600539e-04 -5.007089296892291291e-05 1.976910935914536009e-06 7.859269921550890241e-07 9.318553191875564354e-07 -1.359325447497251593e-01 8.281727248883140324e-02 -1.080681291902114895e-03 1.604469176522470980e-03 -2.861002791749943461e-03 2.767595435773869978e-03 4.237933536019955136e-03 -1.537489409819978690e-02 -3.223681230855834912e-01 -3.211017509464592634e-01 4.726968951832003496e-01 -4.469675842755235773e-01 -2.572707135809307557e-05 -4.317658017794008172e-05 -1.842755490913015816e-04 -9.994706725571279610e-05 3.439090429418714705e-05 5.068107846377257857e-04 -1.974509744258935101e-06 -7.079246479721078154e-07 4.328487488825323886e-07 1.418631290939449601e-06 -2.881853643748486137e-06 1.937406791722616093e-03 4.235274996418528063e-05 3.037627125641405505e-06 1.920748601738347713e-06 -6.013051527807522144e-07 -5.350598611649539809e-06 5.727783023556708555e-06
-4.457267488249293317e-04 -2.455006733297959221e-05 6.728060888324160279e-05 7.257212250339432276e-06 -6.602666332009976948e-06 -3.369809232888560708e-05 1.812499421691194138e-04 -3.036844049027485545e-03 -5.982526976851397678e-04 2.680895664006108012e-05 4.563930562504690510e-05 -4.706377936349570455e-06 -6.189638014244346342e-01 -1.080681291902119883e-03 4.568197156765659628e+00 -3.601484346331113695e+00 -9.398236991219253988e-02 2.902977096980144042e-02 4.208589718509487265e-01 3.511079708042469938e-01 -7.117145417433631494e+00 -1.094948462649065896e-01 8.658144716725125534e+00 -2.470370244416741912e+00 7.885309718533860300e-04 1.353923280230466802e-04 1.359855925195798537e-03 -3.926308591424886377e-04 2.573620428001496753e-04 1.133376039707599634e-04 1.276964032817022849e-05 4.652622322592189440e-07 -2.672876598763459388e-05 -9.454040447334537679e-06 -7.335396458064827418e-06 3.034457177681725362e-02 -2.137160498499871691e-02 -6.260385346380959225e-06 -3.089699611557427940e-05 1.621054158508032289e-05 1.897582336431965342e-05 2.009429298173349315e-05
2.572242153831417848e-04 -2.339449329490396728e-04 -3.875164571387181229e-05 -9.397551910045458425e-06 4.488791257189772712e-05 1.028613864102077217e-04 -4.401952124322974433e-04 3.749128173080880366e-03 7.187595823762495681e-04 -7.129211542495984052e-05 -3.394490803921935621e-05 1.207090609807270318e-05 4.526525388751561629e-01 1.604469176522469896e-03 -3.601484346331113695e+00 7.317629763517304653e+00 7.743642991398921871e-02 -6.367511330758787724e-02 -3.752090538806022169e-01 -2.376812098600312451e-01 6.963283418985531270e+00 1.033647480509493288e+00 -6.050526819132868717e+00 3.106010549062035331e+00 -7.325319468806600585e-04 -3.055013777784689496e-04 -2.095171890359133265e-04 5.723400714138031603e-05 2.283142596659636407e-04 -3.957676713475057062e-03 -1.158083518277520548e-05 -2.842364711752131044e-06 1.433560710570266069e-05 3.197905375285210847e-06 -2.041998264899882877e-06 -5.024764618235621344e-02 -1.793493353347737351e-02 1.045841378937310747e-05 8.529460814768662850e-05 -8.636320630001651172e-06 -1.798739291511906971e-05 -1.478884198579756275e-05
-6.576787623103315860e-04 6.065264954968537523e-04 2.851845614713112838e-05 3.067265303296975546e-06 -5.541864219736851568e-05 -1.019228464536030688e-04 8.467627525509743716e-04 -4.216834654541774113e-03 -3.667351652358104720e-04 -2.067484325866152578e-05 1.005766650817223958e-04 5.375492363535378150e-06 1.712992075708934525e-01 -2.861002791749941293e-03 -9.398236991219253988e-02 7.743642991398921871e-02 3.525040361685705559e+00 4.466218042057358839e-01 5.146472082822518834e-02 -1.069401648553248152e-01 -7.323197431594265616e+00 7.574976225571984578e+00 1.235468634597446158e+00 -7.121713151412309983e-01 -6.236859567539705532e-04 4.430753817771379208e-04 -7.629561404486185196e-04 -1.216355061964322906e-03 5.092366479157588470e-04 5.872796261591258643e-03 3.313688397095106425e-06 -1.493057703363547741e-06 -1.110962337890062494e-05 7.513987275993717958e-06 -4.204965733377631189e-07 -1.023659117082280834e-03 6.753937717111624210e-03 -1.519834036187276582e-05 8.095320033327934263e-06 -1.149126748678492468e-05 4.365130769742083079e-06 2.122018605934728442e-05
-4.402629803392922418e-04 8.687268566569539545e-05 5.325080948581782866e-06 -3.597733898871685227e-06 1.043195221471960098e-05 -1.430687867669824483e-04 -2.079871771476160742e-04 -3.646881033961998616e-04 -9.534854490945204246e-05 1.682058244835143589e-05 -1.013662699032458762e-04 -2.442608108066637415e-05 1.658998765399631037e-01 2.767595435773869978e-03 2.902977096980144042e-02 -6.367511330758787724e-02 4.466218042057358839e-01 3.438271400395955801e+00 2.566245469969771431e+00 2.505539417645183065e+00 7.629730339755364632e+00 -1.449280318848183668e+01 3.861499093726160403e+00 -2.069937293380559595e-02 6.663094489122387552e-05 -6.267807182652515964e-04 -5.457376918142942427e-04 1.365107155423036372e-04 -5.806850021210518704e-04 6.897526321660477728e-04 -1.421250003137170483e-05 2.930471267661542260e-06 -1.823300886739331365e-05 1.701155249822199479e-05 -1.507167437182835750e-06 2.070025155053559912e-02 -1.737725249096089622e-02 -3.493616608879262039e-05 7.634380007047942190e-06 -3.440309723490682085e-06 -3.843431303172033412e-07 -3.320612770535594573e-06
-3.469210381436670793e-04 -1.812820795074828492e-04 3.710582635662791910e-05 6.803693185969531618e-06 6.370678921888410432e-06 -6.740589386775223241e-05 1.008768392437155853e-03 -6.491369154532611839e-04 4.945827408671573657e-04 5.372296082379874308e-05 -4.559393953325429873e-05 2.740531553121372966e-04 -1.923307483011253183e+01 4.237933536019951666e-03 4.208589718509487265e-01 -3.752090538806022169e-01 5.146472082822518834e-02 2.566245469969771431e+00 1.871857243193242581e+01 3.234142168971672504e+01 2.701194220243531952e+00 4.258771358364353432e+01 -5.440991363781505186e+01 3.498444610051025805e+00 7.662729495373198096e-05 7.703764272713827692e-05 -4.985533657527591294e-04 5.899750491536861417e-05 -2.310567381882064081e-03 -7.710820242569523669e-03 1.517371459328976572e-05 -1.439657723710205800e-05 -9.415675151588516457e-05 -2.460583997920181770e-05 -2.514351825355682247e-05 8.075229720151176280e-03 -4.404187825587636135e-02 -8.424858550366570319e-05 -2.494862693145378080e-06 6.214431402086072462e-06 -2.996587461426429813e-06 -2.387421257713280231e-05
8.695102325176804446e-04 -5.915362945097518005e-04 -3.060173429045061485e-05 1.269406726286836481e-05 1.744452364236474722e-05 -3.664924856463952778e-04 1.729313280846157212e-03 4.356475712499685397e-03 2.624734481543974929e-03 7.294547634262910822e-04 7.123233137315417528e-05 5.383940126175441442e-04 -6.239813663843141711e+01 -1.537489409819978517e-02 3.511079708042469938e-01 -2.376812098600312451e-01 -1.069401648553248152e-01 2.505539417645183065e+00 3.234142168971672504e+01 8.550610719196963316e+01 -1.065948449814246857e+01 6.945648788166521115e+01 -4.808519901523713713e+01 -2.030804190310178825e+01 -2.090779887880778144e-04 5.926428261980896473e-04 -6.285504794569715930e-04 1.804784358460787344e-03 -4.263203086320885467e-03 -3.995926574718903883e-03 5.283635460340801163e-05 -4.560143381739189367e-05 -2.077595957075925625e-04 -9.625542279551016944e-05 -1.025006122714809632e-04 -5.143427620752602514e-02 -7.243918592378610632e-02 -6.661608222488320697e-05 4.112432916942429035e-05 -1.466559725032158433e-06 -5.926631258140510725e-05 -7.545201337422953480e-05
-1.020939401174901680e-02 -1.585884420398229674e-02 7.460386500106132995e-03 7.765898306455999928e-04 3.257210756489810864e-03 4.631100927140812014e-03 1.525732695944761151e-02 -4.709714001036637010e-02 -2.256081578590101930e-02 1.164569252340375656e-03 3.173653470543018416e-03 -1.286271517188574212e-04 4.156992272407481437e+01 -3.223681230855834912e-01 -7.117145417433631494e+00 6.963283418985531270e+00 -7.323197431594265616e+00 7.629730339755364632e+00 2.701194220243531952e+00 -1.065948449814246857e+01 1.265777246380931501e+04 6.155456565739301595e+02 1.813552839887697488e+01 4.005125749071678065e+00 2.816481484744816355e-02 -8.768882240494380031e-03 3.001923218174482738e-02 -3.490428110822205165e-02 1.716472847088547707e-02 3.006283787189901330e-02 -8.351734538339899549e-04 -3.410837124093218020e-04 1.793162729962361336e-04 -5.980847731633907611e-04 -7.921019533209016554e-05 -7.832257682724098613e-01 -5.068020063553159427e-02 1.743723206007981264e-03 7.903697467917751964e-04 -1.320790020030093758e-03 8.424384421905756193e-05 -7.264375061507417864e-04
-5.256961784228210898e-04 -6.420023131881989233e-03 2.030013838760964112e-03 9.602570711703424110e-05 -1.825241136060596074e-04 7.017309118709792216e-03 2.072688982843468378e-02 -5.277632255906138797e-02 -1.072205014344277361e-02 1.030779872238421794e-03 -3.705190555268238206e-03 -9.586553579893467058e-04 -1.911366800613585042e+02 -3.211017509464592634e-01 -1.094948462649065896e-01 1.033647480509493288e+00 7.574976225571984578e+00 -1.449280318848183668e+01 4.258771358364353432e+01 6.945648788166521115e+01 6.155456565739301595e+02 1.262239565825013597e+04 1.308796844980766537e+03 -4.367690416190823157e+02 -1.449908773645383099e-02 1.741769620594253373e-02 3.536624200662055739e-02 -3.328630077931064857e-02 2.659559346642039954e-02 -2.287216058333353397e-01 -1.146325404754673693e-04 -5.763945319331508448e-05 -2.346939442240822881e-04 -7.994361316730463213e-04 -8.650671290330960196e-04 -2.510276892806781568e+00 -5.781633413663868071e-01 1.942116545558052534e-03 -6.468451527344948153e-04 -1.021631909199379904e-03 -1.138711808516253013e-03 -8.264472769060051619e-05
1.208522043243536251e-02 2.722811028718952458e-03 1.782086735924514036e-03 5.347810296296256994e-04 -6.822100286644855417e-04 3.926728361248861543e-03 -8.643503945804077715e-03 -1.230460777261168787e-01 -3.578228575101043835e-02 5.491454727818336629e-04 -8.162405561505722959e-04 1.656025222994084341e-03 8.050083063096220712e+02 4.726968951832005161e-01 8.658144716725125534e+00 -6.050526819132868717e+00 1.235468634597446158e+00 3.861499093726160403e+00 -5.440991363781505186e+01 -4.808519901523713713e+01 1.813552839887697488e+01 1.308796844980766537e+03 1.189386155317133489e+04 1.014371136328238208e+03 1.015517079502457204e-03 9.576437627983288778e-03 3.368258697223258658e-02 1.272576769001579301e-03 -5.208253059033130655e-02 3.929702022257392513e-01 3.970079727493162393e-05 3.752475584537433122e-04 5.912102805338046276e-04 -5.890270894192767758e-04 -1.726751073701170115e-04 1.134802268415896043e+00 -1.746588463452530382e+00 2.096035254655123810e-03 3.273419635731280621e-03 -1.559924598909056756e-03 8.266319991569716580e-04 -1.279081047252429888e-03
1.201029157535953598e-04 -5.629476135319503444e-03 -2.152957648123139407e-03 -4.126653652252123172e-04 -1.922602828083871474e-04 4.412667698889136125e-03 4.806341859155948207e-03 4.046976659143936006e-02 5.472062417042337923e-03 -8.815198758166872817e-04 -1.220015778985820965e-04 1.716045347566351649e-04 -6.171802433202711882e+02 -4.469675842755237993e-01 -2.470370244416741912e+00 3.106010549062035331e+00 -7.121713151412309983e-01 -2.069937293380559595e-02 3.498444610051025805e+00 -2.030804190310178825e+01 4.005125749071678065e+00 -4.367690416190823157e+02 1.014371136328238208e+03 1.307250515647988141e+04 2.297369473875606263e-02 7.104921186627101079e-03 -3.728878719366943845e-02 -4.863761865178276717e-02 1.414777857780950832e-02 -2.550510540591022224e-01 7.478827766523829827e-04 -4.220493226462684508e-04 5.631896107069323627e-04 4.730830653028230011e-04 -3.491806887210159149e-04 2.591332306879130076e+00 1.553285824921169178e+00 1.434490986590590978e-03 5.925547969152137424e-04 -1.250173018901023581e-03 1.300616540383073023e-03 1.113198445857579511e-03
5.190605272984226422e-06 -1.243436048273541171e-06 -1.885199098238844475e-07 1.368964280381293448e-08 -1.409793791799458032e-07 2.368844065407275203e-06 1.870798758371771794e-05 1.997532195300483858e-05 9.219453156431940533e-06 1.281690093572014800e-06 1.813262688481942539e-08 -1.793337931760431454e-07 2.191651408137337918e-03 -2.572707135809307896e-05 7.885309718533860300e-04 -7.325319468806600585e-04 -6.236859567539705532e-04 6.663094489122387552e-05 7.662729495373198096e-05 -2.090779887880778144e-04 2.816481484744816355e-02 -1.449908773645383099e-02 1.015517079502457204e-03 2.297369473875606263e-02 1.507145428371793865e-03 2.712000707408305979e-04 3.395704644120627085e-06 -4.072652861344127923e-04 -9.275938893567352772e-06 -1.992883396659474345e-04 1.247554473453135890e-07 -5.043960069202434815e-08 3.442703707821049772e-07 9.478518348670384787e-08 -1.100105700483044164e-07 -3.633712975855522571e-04 -3.636170341002429728e-04 -2.038807418554244608e-07 -3.748121933010276414e-07 -8.577983086384686284e-07 2.818006103689245497e-07 -5.327405182890461990e-07
8.837177305837980292e-07 2.938076693151525224e-06 -5.170078753048389682e-07 -6.754034135254640280e-08 -5.701174043759595759e-07 5.290365741906113621e-07 8.699440862040220811e-06 -7.471824507508260681e-06 1.721113783666005909e-07 1.596368356444283034e-07 3.854380661369157337e-09 3.390981635594592720e-08 3.326614900622476643e-03 -4.317658017794006816e-05 1.353923280230466802e-04 -3.055013777784689496e-04 4.430753817771379208e-04 -6.267807182652515964e-04 7.703764272713827692e-05 5.926428261980896473e-04 -8.768882240494380031e-03 1.741769620594253373e-02 9.576437627983288778e-03 7.104921186627101079e-03 2.712000707408305979e-04 9.051861813522395304e-04 4.529897048725826678e-06 7.211455660219461862e-04 -8.655592318922074834e-07 -2.706723041317980467e-05 7.940942923751542446e-08 -3.551301670343675161e-07 6.283824013977080617e-08 3.682054466546792398e-08 -5.902100328734026439e-08 -3.573647026399643756e-04 2.485957556888080257e-04 1.665562869270389723e-07 -3.614474974470932885e-07 -3.114996016093181123e-08 3.481000144137540994e-07 7.407639801385167358e-07
7.864541869844759500e-07 8.248227930745910300e-06 1.901134627599249374e-06 3.806003422808228449e-07 -6.817340539891072018e-07 -7.168120393626669064e-07 9.730515058001204946e-06 -1.065918092623315276e-04 -3.485376675618653787e-05 -1.020494993652335815e-06 5.151232126397281726e-07 2.591114053436437648e-07 4.429130287743892821e-03 -1.842755490913015545e-04 1.359855925195798537e-03 -2.095171890359133265e-04 -7.629561404486185196e-04 -5.457376918142942427e-04 -4.985533657527591294e-04 -6.285504794569715930e-04 3.001923218174482738e-02 3.536624200662055739e-02 3.368258697223258658e-02 -3.728878719366943845e-02 3.395704644120627085e-06 4.529897048725826678e-06 8.082622137317092836e-03 -1.679254708800261424e-05 1.983686780100855096e-05 4.657657516544255879e-05 5.475496545965344592e-07 -2.279881070889623955e-07 3.193149499433357009e-09 1.317624711195675151e-07 1.144125444380647612e-07 -1.822490967298665172e-03 -1.220809080499039766e-05 2.187059264106587054e-06 4.644481499679885792e-07 6.443734443246982665e-07 1.277936506874913141e-07 2.280306315053500707e-07
-6.547828432297778693e-06 -4.260343987660623973e-06 -1.403899858127814869e-06 -3.722123121327925761e-07 1.404240894394409186e-06 -4.742818682558403444e-06 -4.752450437808100939e-05 9.983729129189326172e-05 9.722434737191052925e-06 -2.810567517080353403e-07 9.230194258499977756e-09 2.928814635180024952e-08 -1.736266042642730517e-02 -9.994706725571270124e-05 -3.926308591424886377e-04 5.723400714138031603e-05 -1.216355061964322906e-03 1.365107155423036372e-04 5.899750491536861417e-05 1.804784358460787344e-03 -3.490428110822205165e-02 -3.328630077931064857e-02 1.272576769001579301e-03 -4.863761865178276717e-02 -4.072652861344127923e-04 7.211455660219461862e-04 -1.679254708800261424e-05 3.287674346393352348e-03 -1.537146471432882309e-06 2.015943549588280180e-04 6.749726640146241732e-07 2.088719812310512417e-07 -3.581731022628115727e-07 -1.273270448698203173e-07 -1.215469613218085034e-07 -6.954052051353115833e-04 -1.275133528601771367e-04 -7.209592798017835442e-07 5.529325320905902682e-07 6.358298178967954656e-07 5.389578061807395582e-07 9.494774047857731511e-08
-8.317617712354651506e-07 -3.611229677632647867e-06 -8.391450318354190875e-07 -8.522738679703417732e-08 7.140482864499051443e-07 -2.713674523743666945e-06 8.815498811169496110e-06 8.127731968290448491e-05 2.108727820512834087e-05 1.267355882800997532e-06 -1.929562473902107611e-07 1.472811609050953404e-07 -7.046452410728615105e-03 3.439090429418706574e-05 2.573620428001496753e-04 2.283142596659636407e-04 5.092366479157588470e-04 -5.806850021210518704e-04 -2.310567381882064081e-03 -4.263203086320885467e-03 1.716472847088547707e-02 2.659559346642039954e-02 -5.208253059033130655e-02 1.414777857780950832e-02 -9.275938893567352772e-06 -8.655592318922074834e-07 1.983686780100855096e-05 -1.537146471432882309e-06 7.987086423943681388e-03 1.300165016432632751e-05 -2.635979318309823778e-07 -5.246109613822022059e-07 2.369198450551754352e-07 1.741553964015143897e-07 3.041176097053940648e-07 -4.589969419268350673e-04 5.885091428500596614e-04 -1.974368573087120649e-06 1.607752603622006309e-07 -1.644976129782033588e-06 -1.262269012090561377e-06 3.953428464655681843e-08
2.120340069719391763e-05 9.738500083182682562e-06 2.363886136063275518e-06 1.843675826085455674e-06 1.385308904125864017e-06 2.006848507255124000e-05 1.192593465161331543e-05 -3.971298018310635402e-05 3.243624199921872506e-05 -8.268889460584588288e-06 -8.451379316689272450e-07 2.719384684271697134e-07 3.951455207353692101e-02 5.068107846377252436e-04 1.133376039707599634e-04 -3.957676713475057062e-03 5.872796261591258643e-03 6.897526321660477728e-04 -7.710820242569523669e-03 -3.995926574718903883e-03 3.006283787189901330e-02 -2.287216058333353397e-01 3.929702022257392513e-01 -2.550510540591022224e-01 -1.992883396659474345e-04 -2.706723041317980467e-05 4.657657516544255879e-05 2.015943549588280180e-04 1.300165016432632751e-05 2.939274605419652242e-01 3.505777405687471475e-06 -3.116856877239412088e-06 -2.010841514564570235e-06 -5.746952845760736526e-06 7.598649881858444569e-06 3.264202394831527618e-03 -2.915791583580322997e-03 2.533381902650424697e-06 1.955250948788140363e-05 9.966158162321856463e-06 -3.075003334473902034e-06 -5.221641042556678230e-06
-9.493580013305386996e-07 -2.685882079871505725e-07 -6.506747197894269590e-08 -1.299972691177077638e-08 -1.130701391763447098e-08 -2.962479381643125402e-07 -1.432898625773107664e-05 -1.596044684062685709e-05 -2.382896339268215567e-06 -3.639016161151034611e-08 2.378793309090538773e-09 -9.147362584428611369e-11 1.174608518496838807e-04 -1.974509744258933831e-06 1.276964032817022849e-05 -1.158083518277520548e-05 3.313688397095106425e-06 -1.421250003137170483e-05 1.517371459328976572e-05 5.283635460340801163e-05 -8.351734538339899549e-04 -1.146325404754673693e-04 3.970079727493162393e-05 7.478827766523829827e-04 1.247554473453135890e-07 7.940942923751542446e-08 5.475496545965344592e-07 6.749726640146241732e-07 -2.635979318309823778e-07 3.505777405687471475e-06 3.424655267213745004e-06 3.267143614996249606e-07 1.526215525193441610e-07 3.834348229259581817e-09 -5.671329354971681616e-08 9.452233955029992944e-06 -5.769166937772946777e-06 -7.819622137215405985e-07 7.560922441726712431e-07 4.764578204971269184e-07 2.737613845234851553e-09 -5.405645673141513525e-07
5.875551149185965501e-07 3.571132245293112542e-07 6.519972676548759006e-08 2.524057738417257656e-09 1.323698190678605395e-07 -7.167509744560602689e-08 -1.919668794664672876e-05 -5.613152504346696062e-06 -3.803016991273521511e-06 -3.465643585731861967e-08 1.772133749504413055e-09 4.947241549547625312e-09 9.743679032357948234e-05 -7.079246479721080271e-07 4.652622322592189440e-07 -2.842364711752131044e-06 -1.493057703363547741e-06 2.930471267661542260e-06 -1.439657723710205800e-05 -4.560143381739189367e-05 -3.410837124093218020e-04 -5.763945319331508448e-05 3.752475584537433122e-04 -4.220493226462684508e-04 -5.043960069202434815e-08 -3.551301670343675161e-07 -2.279881070889623955e-07 2.088719812310512417e-07 -5.246109613822022059e-07 -3.116856877239412088e-06 3.267143614996249606e-07 3.348593170653165748e-06 2.415545809777637277e-07 1.202701024725163804e-07 -4.092008009493418632e-08 6.851124363830157409e-06 4.166377359023235984e-06 4.671967073296983306e-07 -1.405970586078808148e-06 7.405623233366410337e-07 3.692267778108459923e-07 -1.518523531845031639e-07
1.014699896381093722e-06 4.662963066050571610e-07 9.618337559605967125e-08 8.023636378522383923e-09 1.167870526335969256e-07 8.027887587239217097e-08 -1.052186571047240925e-05 3.907346217038269048e-06 -1.807092433558308852e-06 -1.258616446798194623e-09 1.041715147780287649e-08 5.990709472484335797e-11 1.602496618440379115e-04 4.328487488825340297e-07 -2.672876598763459388e-05 1.433560710570266069e-05 -1.110962337890062494e-05 -1.823300886739331365e-05 -9.415675151588516457e-05 -2.077595957075925625e-04 1.793162729962361336e-04 -2.346939442240822881e-04 5.912102805338046276e-04 5.631896107069323627e-04 3.442703707821049772e-07 6.283824013977080617e-08 3.193149499433357009e-09 -3.581731022628115727e-07 2.369198450551754352e-07 -2.010841514564570235e-06 1.526215525193441610e-07 2.415545809777637277e-07 3.440131448722691097e-06 1.296124155609721393e-07 2.154433850731271461e-08 5.082454397733026867e-07 1.472256814236367119e-05 1.957528151365654908e-07 5.405252874961881815e-07 -1.607910510492105496e-06 6.157299755483534439e-07 3.722062488361577498e-07
6.574027175003421035e-07 1.885137490577397537e-07 6.248339640678604916e-08 6.724126052343021349e-09 1.106051906494920868e-08 1.733786342094241873e-07 2.622273560902755948e-06 8.507316412589946254e-06 1.461451022239078122e-06 3.227420227549253598e-08 -2.021853733260841796e-09 -4.081028474843284687e-09 3.072874971244539887e-05 1.418631290939450872e-06 -9.454040447334537679e-06 3.197905375285210847e-06 7.513987275993717958e-06 1.701155249822199479e-05 -2.460583997920181770e-05 -9.625542279551016944e-05 -5.980847731633907611e-04 -7.994361316730463213e-04 -5.890270894192767758e-04 4.730830653028230011e-04 9.478518348670384787e-08 3.682054466546792398e-08 1.317624711195675151e-07 -1.273270448698203173e-07 1.741553964015143897e-07 -5.746952845760736526e-06 3.834348229259581817e-09 1.202701024725163804e-07 1.296124155609721393e-07 3.664259831562871485e-06 1.157092709106884600e-07 -2.451382863178481840e-05 -2.911612603353091569e-05 -3.768126209405050102e-09 2.011500586913170273e-07 4.961034299625446830e-07 -1.321684766773976346e-06 6.769736260634965320e-07
-3.205590025922019594e-07 4.462634269535233726e-07 1.503496447871869646e-08 1.387451267750496420e-08 -1.585369887054083452e-07 4.476876740604566858e-08 1.296003232412294127e-05 3.456106070625721483e-06 3.101185263897021934e-06 -1.435837190658510183e-08 -7.098020239141816135e-10 4.000384986818181833e-09 8.276668287647016007e-05 -2.881853643748488255e-06 -7.335396458064827418e-06 -2.041998264899882877e-06 -4.204965733377631189e-07 -1.507167437182835750e-06 -2.514351825355682247e-05 -1.025006122714809632e-04 -7.921019533209016554e-05 -8.650671290330960196e-04 -1.726751073701170115e-04 -3.491806887210159149e-04 -1.100105700483044164e-07 -5.902100328734026439e-08 1.144125444380647612e-07 -1.215469613218085034e-07 3.041176097053940648e-07 7.598649881858444569e-06 -5.671329354971681616e-08 -4.092008009493418632e-08 2.154433850731271461e-08 1.157092709106884600e-07 3.941570829975252182e-06 -4.075467238911886175e-06 -2.485359094985702416e-06 -1.221064095909752013e-07 -7.215396434349177916e-08 1.035631613582909140e-07 3.880571626325128245e-07 -4.805484946745041296e-07
-7.510116811898357629e-05 -3.552682878672771492e-05 1.475146486901062229e-05 -2.423338223187431880e-06 -3.022166004129228317e-05 2.115500107404999123e-05 1.447748357718514969e-03 -9.888670993113974749e-04 1.230260570602387878e-04 1.395463975801896485e-05 7.920184981210266230e-06 -8.597065859474552069e-06 8.386732376792158106e-02 1.937406791722615877e-03 3.034457177681725362e-02 -5.024764618235621344e-02 -1.023659117082280834e-03 2.070025155053559912e-02 8.075229720151176280e-03 -5.143427620752602514e-02 -7.832257682724098613e-01 -2.510276892806781568e+00 1.134802268415896043e+00 2.591332306879130076e+00 -3.633712975855522571e-04 -3.573647026399643756e-04 -1.822490967298665172e-03 -6.954052051353115833e-04 -4.589969419268350673e-04 3.264202394831527618e-03 9.452233955029992944e-06 6.851124363830157409e-06 5.082454397733026867e-07 -2.451382863178481840e-05 -4.075467238911886175e-06 8.438209581031049566e+00 -2.406869238260787511e-02 9.370292836781848411e-06 2.463086928215418636e-05 9.204758502782563038e-05 3.300602908518319116e-05 -8.522309493115677747e-06
