# logA ns H0 omegab omegam omegam_growth LSST_DZ_S1 LSST_DZ_S2 LSST_DZ_S3 LSST_DZ_S4 LSST_DZ_S5 LSST_A1_1 LSST_A1_2 LSST_M1 LSST_M2 LSST_M3 LSST_M4 LSST_M5
5.725311383366024111e-03 4.767650545585940588e-04 -5.826280383346378600e-02 6.062812650787575194e-06 -4.592671957666059077e-04 -5.199928345514382008e-04 1.951769457141480074e-06 5.673811386542473152e-06 6.880623636011655604e-06 -1.468853013979632724e-06 -6.109124530633353138e-06 3.779008342876321019e-03 2.397574469381722265e-03 -2.200577497192207183e-06 1.592340052733257964e-05 1.337938015000834196e-05 -3.538300255617310245e-06 -6.984845810071041384e-05
4.767650545585940588e-04 2.535917693218922206e-04 -4.398579527532466178e-03 9.521164553630987934e-06 -5.273462264241528128e-05 -4.553069640440824724e-05 -1.234373437934980678e-06 -5.511744877345308807e-07 5.107795993925055913e-07 4.573222326865061929e-07 7.862824725689946380e-07 -1.968195649674482888e-03 1.787049716361064407e-03 -2.046640740135844602e-06 1.600396224127710570e-06 2.008812663288804802e-06 1.861673221183102111e-06 1.831152156963244195e-06
-5.826280383346378600e-02 -4.398579527532466178e-03 7.883321855853825610e+00 1.027797663529130684e-02 -9.402989983200013210e-03 -1.463512021179189972e-02 -7.631719834727536628e-05 -4.221312694022709866e-05 2.138178818476811302e-04 -1.712555240888304520e-04 -2.049470132484206453e-04 -8.487402719258786699e-02 -1.424917201874397743e-01 7.079928487408240519e-06 3.317886907162788932e-04 3.972204300641278595e-04 3.116189698017757205e-04 -5.500690595746062428e-04
6.062812650787575194e-06 9.521164553630987934e-06 1.027797663529130684e-02 1.928484256788544709e-05 -1.467052197698324312e-05 -1.713922497789263850e-05 -6.822028308874546066e-08 -1.313446946586297291e-07 5.090280835641602929e-07 -1.714007358927185748e-07 -1.955167004219124712e-07 -6.073566563097351729e-05 -2.385799601104758171e-04 -8.397410018555757564e-08 6.462236345063056055e-07 5.358818435312823779e-07 3.908333476266496696e-07 -1.138083575735998980e-06
-4.592671957666059077e-04 -5.273462264241528128e-05 -9.402989983200013210e-03 -1.467052197698324312e-05 7.834850031313142157e-05 7.300259472671918285e-05 1.695213058342116421e-07 -5.174615880778638405e-07 -1.017143347234115439e-06 3.044958809529351379e-07 8.784342906364513544e-07 -1.733757192994394617e-05 -5.056265488258147780e-04 4.787581720197881388e-07 -2.508009185590841193e-06 -3.055563420599830078e-06 -1.694528342556707469e-06 5.395228020482777468e-06
-5.199928345514382008e-04 -4.553069640440824724e-05 -1.463512021179189972e-02 -1.713922497789263850e-05 7.300259472671918285e-05 3.991515872046135882e-04 1.538550196388713312e-06 -1.146124493587177362e-06 -2.105277719768753286e-06 1.118051816999882431e-06 1.231393986736245879e-06 7.901915719848714515e-04 1.426559518223662320e-03 2.099052242145350138e-06 -3.414279505263096218e-06 -5.161390736265481831e-06 -3.004122521400605949e-06 1.359025203781597871e-05
1.951769457141480074e-06 -1.234373437934980678e-06 -7.631719834727536628e-05 -6.822028308874546066e-08 1.695213058342116421e-07 1.538550196388713312e-06 3.627396606657604153e-06 1.728302305901736540e-07 2.493309480892250885e-08 -7.527409991799002689e-08 -8.872687867266137343e-08 2.426285619864872894e-05 -2.519658910460930950e-05 -3.083167406250357005e-07 3.247624913485743743e-07 2.972208065717571617e-07 1.922045397304249537e-07 -1.427870632589800691e-07
5.673811386542473152e-06 -5.511744877345308807e-07 -4.221312694022709866e-05 -1.313446946586297291e-07 -5.174615880778638405e-07 -1.146124493587177362e-06 1.728302305901736540e-07 3.553965935020695951e-06 1.309805562890584677e-07 -1.071616859742988262e-08 -1.507158895061227055e-07 -4.790847349661386177e-05 4.557500105773257232e-05 2.505761489020070407e-07 -1.026242792265377143e-06 3.092183844475442836e-07 2.424134332295659636e-07 1.270131616810148260e-08
6.880623636011655604e-06 5.107795993925055913e-07 2.138178818476811844e-04 5.090280835641602929e-07 -1.017143347234115439e-06 -2.105277719768753286e-06 2.493309480892250885e-08 1.309805562890584677e-07 3.622021577851908502e-06 -7.167259436238109534e-08 3.820520348743001849e-08 -5.983632936848264344e-05 -9.578550062134421651e-05 1.163656362962559153e-07 2.861095801308687319e-07 -1.207105272878186941e-06 5.856275626178715524e-07 3.380973689139355516e-07
-1.468853013979632724e-06 4.573222326865061929e-07 -1.712555240888304249e-04 -1.714007358927185748e-07 3.044958809529351379e-07 1.118051816999882431e-06 -7.527409991799002689e-08 -1.071616859742989420e-08 -7.167259436238109534e-08 3.838118496333179467e-06 1.332918530345319413e-07 1.244093134739645808e-04 -5.907956647668002354e-06 1.339410730198074104e-07 8.875940525520634943e-08 2.715830610779301946e-07 -1.248445031658878303e-06 4.794605025534272943e-07
-6.109124530633353138e-06 7.862824725689946380e-07 -2.049470132484206724e-04 -1.955167004219124712e-07 8.784342906364513544e-07 1.231393986736245879e-06 -8.872687867266137343e-08 -1.507158895061227055e-07 3.820520348743001849e-08 1.332918530345319413e-07 3.961795013261426907e-06 4.510515115663015016e-05 -6.149907602788390088e-05 -3.040076610312088820e-08 1.240107055101277363e-07 1.107734495850898045e-07 3.138175051595308097e-07 -4.244294440789247740e-07
3.779008342876321019e-03 -1.968195649674482888e-03 -8.487402719258783923e-02 -6.073566563097351729e-05 -1.733757192994394617e-05 7.901915719848714515e-04 2.426285619864872894e-05 -4.790847349661386177e-05 -5.983632936848264344e-05 1.244093134739645808e-04 4.510515115663015016e-05 8.749385288907749469e+00 -2.884533024351303987e-01 1.546212793126883439e-04 5.604219467591222109e-05 3.225312050823975760e-05 -1.359653283745997592e-05 -1.089287720711693241e-04
2.397574469381722265e-03 1.787049716361064407e-03 -1.424917201874397743e-01 -2.385799601104758171e-04 -5.056265488258147780e-04 1.426559518223662320e-03 -2.519658910460930950e-05 4.557500105773257232e-05 -9.578550062134421651e-05 -5.907956647668026071e-06 -6.149907602788388732e-05 -2.884533024351303987e-01 8.183858972654071806e+00 3.256028351011490711e-05 -1.258691589414807151e-04 -1.369544593967976350e-05 -1.141463422220723774e-04 -5.458467436718168270e-05
-2.200577497192207183e-06 -2.046640740135845026e-06 7.079928487408240519e-06 -8.397410018555757564e-08 4.787581720197881388e-07 2.099052242145350138e-06 -3.083167406250357005e-07 2.505761489020070407e-07 1.163656362962559417e-07 1.339410730198074104e-07 -3.040076610312088158e-08 1.546212793126883439e-04 3.256028351011490711e-05 2.419990817581413659e-05 5.429933168493916481e-07 2.743290119350862121e-07 -2.456072017757876410e-08 -3.828908447113656923e-07
1.592340052733257964e-05 1.600396224127710570e-06 3.317886907162788932e-04 6.462236345063056055e-07 -2.508009185590841193e-06 -3.414279505263096218e-06 3.247624913485743743e-07 -1.026242792265377143e-06 2.861095801308687319e-07 8.875940525520634943e-08 1.240107055101277363e-07 5.604219467591222109e-05 -1.258691589414807151e-04 5.429933168493916481e-07 2.202708839187698944e-05 1.171019700617175294e-06 1.364869491924906429e-06 5.742936748245398576e-07
1.337938015000834196e-05 2.008812663288804802e-06 3.972204300641278595e-04 5.358818435312823779e-07 -3.055563420599830078e-06 -5.161390736265481831e-06 2.972208065717571617e-07 3.092183844475442836e-07 -1.207105272878186941e-06 2.715830610779301946e-07 1.107734495850898045e-07 3.225312050823977116e-05 -1.369544593967976350e-05 2.743290119350862121e-07 1.171019700617175506e-06 1.935358047012101154e-05 2.259891793866976273e-06 1.939482442915117738e-06
-3.538300255617310245e-06 1.861673221183102111e-06 3.116189698017757205e-04 3.908333476266496696e-07 -1.694528342556707469e-06 -3.004122521400605949e-06 1.922045397304249537e-07 2.424134332295659636e-07 5.856275626178715524e-07 -1.248445031658878303e-06 3.138175051595308097e-07 -1.359653283745997592e-05 -1.141463422220723774e-04 -2.456072017757876410e-08 1.364869491924906429e-06 2.259891793866976273e-06 1.747561589423644022e-05 4.075655536300396279e-06
-6.984845810071041384e-05 1.831152156963244195e-06 -5.500690595746062428e-04 -1.138083575735998980e-06 5.395228020482777468e-06 1.359025203781597871e-05 -1.427870632589800691e-07 1.270131616810148260e-08 3.380973689139355516e-07 4.794605025534272943e-07 -4.244294440789247740e-07 -1.089287720711693241e-04 -5.458467436718168270e-05 -3.828908447113656923e-07 5.742936748245398576e-07 1.939482442915117738e-06 4.075655536300396279e-06 1.774110746960496379e-05
