# logA ns theta_MC_100 omegabh2 omegach2 tau omegam_growth A_planck calib_100T calib_217T A_cib_217 xi_sz_cib A_sz ksz_norm gal545_A_100 gal545_A_143 gal545_A_143_217 gal545_A_217 ps_A_100_100 ps_A_143_143 ps_A_143_217 ps_A_217_217 galf_TE_A_100 galf_TE_A_100_143 galf_TE_A_100_217 galf_TE_A_143 galf_TE_A_143_217 galf_TE_A_217 LSST_DZ_S1 LSST_DZ_S2 LSST_DZ_S3 LSST_DZ_S4 LSST_DZ_S5 LSST_A1_1 LSST_A1_2 LSST_M1 LSST_M2 LSST_M3 LSST_M4 LSST_M5
2.035869444826198383e-04 2.850915454711511698e-05 -2.774313284024441103e-07 7.811916440489867778e-07 -6.897135503055484189e-06 9.625105886265034679e-05 -9.391275839965606870e-05 7.214462650809547459e-06 2.521861889591151257e-07 6.403473102283274679e-08 -1.082583326709541825e-03 -2.327070908491049789e-05 -4.305490485209069788e-04 1.733497589989979460e-05 -3.246048510237964477e-04 -1.971177381921498126e-04 8.457241833136205315e-04 2.458717406403920086e-03 -3.735277087269671392e-02 -2.256726009985293106e-03 7.893676391770758707e-03 -3.073799268647634843e-03 -6.079228967474161321e-06 -1.437000662474425730e-06 3.008051438559260142e-07 1.052680512429590260e-06 1.842707414008248570e-05 7.957140065928567047e-05 1.843770608286242378e-07 7.756516656412149974e-07 1.551742881125757042e-07 -2.397850951948831699e-07 -1.317749115276277448e-06 1.121989468160554480e-04 1.507999182327817388e-04 7.474803133077942940e-07 1.403821128396108812e-06 9.060763539970655406e-07 -1.655977767973623115e-06 -7.897017095287710642e-06
2.850915454711511698e-05 6.743374591541613386e-05 2.566951797360437613e-06 8.995618448437811962e-07 -1.964969874426864813e-06 -2.574200857392787700e-06 -1.226962726969667014e-05 -1.774228360100921705e-06 -6.082232492891243034e-08 -1.291212243809122819e-08 -2.327741205349496013e-03 -2.042262361008363161e-05 -4.452133302157507610e-04 1.878920352132537499e-04 4.202677675896769800e-04 1.028282319477541202e-04 6.359963793861901616e-05 1.364405464775823309e-04 -2.305179839611214837e-02 4.983167093613928393e-03 -1.137928747600753295e-03 1.194503641747160505e-02 -2.036953239776373071e-06 2.214081505832880976e-06 -3.347552487321112788e-06 4.434667877839989358e-06 2.016027150476177219e-06 3.187314102066095332e-05 -2.903410343771831724e-07 -9.488688563266461910e-08 -5.988080113827507940e-09 -5.044274303777310134e-08 4.627639410536505887e-08 5.081355301001043418e-05 -1.572534489641458561e-04 -1.235533367339185487e-07 6.168822497483382113e-07 8.657305003773735310e-07 8.523186435990054469e-07 -1.577639012898317457e-07
-2.774313284024441103e-07 2.566951797360437613e-06 2.542323671669197737e-06 2.367829912917647642e-07 1.014026382022653618e-06 -2.821367140827560526e-06 -7.137617704426778312e-06 -3.051112575496285265e-07 -2.105930788443487034e-08 -1.662358408373750493e-09 5.174064627432742536e-05 -3.380745597029524396e-06 -2.898030888379882862e-05 6.018507802938570132e-05 8.734575743629732550e-06 3.084479099927209655e-06 -1.396924444590453398e-05 -1.059668306510587276e-04 7.503948493728715766e-03 1.274570578231656176e-03 -7.239918991006397521e-04 1.703250130096923805e-03 2.448262322823979185e-07 3.775977004281489111e-07 -1.524426811223909902e-06 1.114684297481867934e-06 -9.824398603122968883e-07 -6.832496001422531813e-06 -4.633637877448473433e-08 2.341987921337855633e-08 2.937830633937710931e-08 -2.359828157185871772e-08 -1.565428293627017077e-08 6.100739615639167454e-05 2.034633310333909591e-05 -4.640042743735063167e-08 2.655859423403324728e-08 6.002492853941965790e-08 -1.494478348127505420e-07 -5.331842271896549068e-07
7.811916440489867778e-07 8.995618448437811962e-07 2.367829912917647642e-07 5.914201660573114052e-08 7.137386363705952176e-08 -2.185407933106393293e-08 -7.019331657150766814e-07 -2.432488189912323637e-08 3.897230373017700859e-09 -5.012668630562562141e-10 -5.632336923712836981e-05 -9.309005672155389649e-08 -7.002441982247229546e-06 6.342483994666924106e-06 1.092871752435334245e-06 3.323757784656573685e-07 1.062011331583657748e-05 2.908182086935327305e-05 3.974225304316453071e-04 6.977999054559751494e-05 3.432900033818850512e-04 8.979760698194129290e-05 -4.176084553842036355e-08 -8.343232006386080334e-08 -2.353861800607756516e-07 -2.057959452458986717e-08 -1.036918609872569436e-07 -2.427737512067518459e-07 -4.101504646366849234e-09 6.870251914680279267e-09 5.617287352968655813e-09 -1.394830470205542445e-09 -3.803977123512823809e-09 5.253031677328721593e-06 -2.072868868018856266e-08 -1.100149640313782011e-08 1.175283821599946055e-08 2.785910714349478871e-08 7.656317737627762376e-09 -3.522389129703363607e-08
-6.897135503055484189e-06 -1.964969874426864813e-06 1.014026382022653618e-06 7.137386363705952176e-08 8.849278080440062863e-07 -4.184037601201769610e-06 -4.282277555513628563e-06 -3.307597397850258851e-07 -1.243363803169589955e-08 7.691358600960813263e-10 1.003473679997700542e-04 8.690984413279055415e-07 1.269463192361243388e-05 2.027333865343255078e-05 -5.297442938025248991e-07 6.286513542132908012e-06 -3.064854957195716509e-05 -1.291849911180665666e-04 4.526561650642265885e-03 1.652297904663697686e-04 -4.045031833709885591e-05 5.607273491602543253e-04 6.146212531243662738e-07 1.969934662379174652e-07 -2.103595106016072237e-07 3.356382489762854143e-07 -5.998229399946369624e-07 -3.224150467888820023e-06 -4.767920621972021331e-08 -4.722408091768940384e-08 -3.715129872061086647e-08 -5.406908809502727066e-08 -7.235449047439435921e-09 3.346625719257713925e-05 -1.561164847625827584e-06 -8.142835271614203052e-08 -1.649398328892676703e-07 -2.319797573615016267e-07 -3.633513706290711216e-07 -4.787502211699715900e-07
9.625105886265034679e-05 -2.574200857392787700e-06 -2.821367140827560526e-06 -2.185407933106393293e-08 -4.184037601201769610e-06 6.085062169852110264e-05 -3.115062784284534518e-05 -9.462471243281349415e-07 5.668499330503610772e-08 2.986730570506899443e-08 -9.620002973935550320e-05 2.938346777925703732e-06 1.560154592205592735e-04 -1.525919668898497231e-04 -6.574399927173633656e-06 5.831165346636827448e-05 6.199115488785470049e-04 7.232798760947633165e-04 -4.558166242617465828e-03 4.208957175461510054e-03 -1.129751963388170907e-03 -7.220297986678438258e-03 -5.923977580062945494e-06 -3.911680057169698644e-07 1.473146853734116625e-06 3.187230297191699496e-07 1.004347181050852097e-05 4.004084803518800770e-05 2.742848350077713232e-07 4.847640177592226507e-07 9.917995875304545531e-08 -5.429670722673135964e-08 -6.270618235834456116e-07 2.255663892290133676e-05 6.078957283139117769e-05 4.674096030127945555e-07 7.260478504597444460e-07 6.369165407773075878e-07 -2.900220682738981982e-07 -2.649759673230765401e-06
-9.391275839965606870e-05 -1.226962726969666675e-05 -7.137617704426780007e-06 -7.019331657150765755e-07 -4.282277555513628563e-06 -3.115062784284534518e-05 3.738057947735890668e-04 -1.370092767027238608e-06 6.342823627285001139e-08 -1.056215743126042798e-07 -1.465270225756629390e-03 -1.601926584247489882e-05 2.331585646906537404e-04 -1.203547937687918321e-04 3.350281745247609810e-04 -1.148085252219704645e-04 -2.495282435203625667e-04 4.475220812559961830e-04 1.143898214812764545e-03 -5.187053285234265523e-03 2.853435956255484605e-03 1.048170980180457811e-02 -7.784545322583923807e-06 -7.574363722067761966e-06 -7.188804228556832877e-06 -1.087780797529577722e-05 -1.068525209806183731e-05 -1.054300603360335177e-04 4.108075515969610380e-06 7.520054461371703347e-07 -1.014766553439856497e-06 -6.763013344698495557e-07 2.312969529039868283e-07 -5.444126535770328173e-05 1.141974595439537168e-04 4.277963134765115385e-06 1.109707983812608461e-06 -4.130914107020573741e-06 -6.892262082455940417e-06 -3.750636903171741716e-06
7.214462650809547459e-06 -1.774228360100921705e-06 -3.051112575496285265e-07 -2.432488189912323637e-08 -3.307597397850258851e-07 -9.462471243281349415e-07 -1.370092767027239667e-06 5.937050938701672766e-06 -1.027416967395521691e-08 5.886855468294219533e-09 1.335992799503551943e-03 -7.998271861362254425e-06 -6.193324971453417109e-05 1.224099164759318233e-06 -4.891066132249173403e-06 -3.450638334271918561e-05 -3.861602887843066376e-05 5.442103388781285161e-04 -2.892812875131659228e-03 -1.964093100099996523e-03 3.071535114183483219e-03 -1.340519115468813416e-03 1.378801641631979920e-06 -1.056099064289919823e-06 5.001465751317565626e-07 -2.060790084851053660e-06 1.491274779318069352e-07 -4.066750307350570862e-06 9.766326002635430197e-10 2.003016759591054000e-08 8.191231984659642583e-08 1.879806467351778267e-08 -4.536579745728799043e-08 -4.738790084835671821e-05 -2.482584051703326201e-06 1.040943190210624781e-07 1.772545603611749944e-08 -5.925114398870078088e-09 -8.102026967310681493e-09 -1.346524260337555770e-07
2.521861889591151257e-07 -6.082232492891243034e-08 -2.105930788443487034e-08 3.897230373017700859e-09 -1.243363803169589955e-08 5.668499330503610772e-08 6.342823627285006433e-08 -1.027416967395521691e-08 4.330996469198090850e-07 -1.305230861460010544e-09 -1.645710538920384491e-04 -4.909935814675828180e-08 3.800179408799668371e-05 -2.816195298529440739e-05 1.145877034065791508e-04 -9.813092142890374214e-05 -2.972451254912175534e-05 1.155157138795547483e-04 3.975968799681301076e-03 -3.255765281835322315e-03 2.312490471891473053e-04 5.616581461006348811e-04 1.031140410679936732e-07 -6.144916529039640459e-08 5.881977472618129269e-07 1.948140214279159463e-07 1.141662102814985213e-07 3.165434024233174170e-06 7.937116071114003480e-09 1.398594261892811608e-08 -4.190615105371970467e-10 -2.383322362660633641e-09 9.915116994828917476e-09 -4.378873846886485105e-06 -9.869011372971292298e-07 1.841915434761068525e-08 -2.411976019853648828e-09 3.176719147119233238e-08 7.063907541654977540e-09 6.819007580943578142e-10
6.403473102283274679e-08 -1.291212243809122819e-08 -1.662358408373750493e-09 -5.012668630562562141e-10 7.691358600960813263e-10 2.986730570506899443e-08 -1.056215743126041739e-07 5.886855468294219533e-09 -1.305230861460010544e-09 4.128698242344810213e-07 5.477133815171910140e-04 8.756491719996177731e-07 -2.422316042708458231e-05 1.270335100308950558e-05 -7.291486596178655831e-06 -2.212784604242894180e-05 2.753759560544967043e-04 5.358854205166582209e-04 5.131867098703694115e-04 -1.897063893228011569e-03 1.986466166635478085e-03 5.632443642171124868e-04 -2.169377656288652928e-07 1.402851747237938731e-07 3.133907981105885277e-07 1.118810671900240721e-07 -5.692995034828190695e-08 1.366148094598087326e-06 -6.184826176717753094e-09 2.008896658409781225e-09 5.681592944597164086e-09 -2.311166655027135330e-09 1.581571721595985186e-09 -1.712855808432628958e-05 -6.606151968765327087e-06 1.384404962683835542e-09 -4.231841454503231004e-09 -1.243825788953795007e-08 3.165977702418086281e-09 -4.186627416373218055e-09
-1.082583326709541825e-03 -2.327741205349496013e-03 5.174064627432742536e-05 -5.632336923712836981e-05 1.003473679997700542e-04 -9.620002973935550320e-05 -1.465270225756630258e-03 1.335992799503551943e-03 -1.645710538920384491e-04 5.477133815171910140e-04 4.529865469401137261e+02 -1.167276064372764349e-01 -9.717080109881244265e-01 1.156061693388638734e+00 3.254563716780206062e-01 4.783101011785100276e-01 -1.953391584858553998e+01 -6.316212204417976750e+01 5.633728379072118742e+01 -1.764509509246192351e+02 7.624486591282454810e+02 -6.234029672756651053e+02 1.299446748569781573e-03 2.122764385588289671e-03 1.435725162975461794e-03 -9.785137889065558328e-03 1.694038965697445328e-03 -9.666852856891873513e-03 -1.510420965351497689e-04 -1.135955606765101693e-04 -5.284120008861496558e-05 4.474641716256891485e-04 -3.235710996644989125e-04 1.739675053144315031e-01 -3.114503942764601518e-01 -6.916104193039003577e-04 -7.477293041171964149e-05 3.656078684216114481e-05 -5.472928878007221566e-04 2.077886002469924473e-04
-2.327070908491049789e-05 -2.042262361008363161e-05 -3.380745597029524396e-06 -9.309005672155389649e-08 8.690984413279055415e-07 2.938346777925703732e-06 -1.601926584247489882e-05 -7.998271861362254425e-06 -4.909935814675828180e-08 8.756491719996177731e-07 -1.167276064372764349e-01 8.280042801529863272e-02 1.830911411861277458e-03 6.363183888673118070e-04 -2.708347215644847303e-03 1.689685665017727912e-04 1.309750990109827956e-02 -4.580722362664537035e-03 -5.626053495328096066e-01 -3.289397083442303221e-02 5.804202905586742789e-01 -1.426602458789210104e-01 -6.606704350491602186e-05 -1.593781231213272994e-05 -8.336505589399320875e-05 -1.256445601524947334e-04 1.217230377850785192e-04 -2.569387067332233772e-03 -5.599134226289098864e-06 -1.197209199789787461e-06 -1.726962476180409318e-06 -2.845192432430890276e-06 -3.792953805881587205e-06 -7.498227204573808952e-03 -2.196298570157661275e-03 1.190245572445053246e-05 -2.706369273192887895e-06 8.586928996249158601e-06 1.035904969139315478e-05 1.820888476923274197e-07
-4.305490485209069788e-04 -4.452133302157507610e-04 -2.898030888379882862e-05 -7.002441982247229546e-06 1.269463192361243388e-05 1.560154592205592735e-04 2.331585646906537404e-04 -6.193324971453417109e-05 3.800179408799668371e-05 -2.422316042708458231e-05 -9.717080109881244265e-01 1.830911411861277458e-03 4.587427388007566442e+00 -3.650906985304804842e+00 -1.044473512434634516e-01 9.324289904132667534e-03 4.519890427751973028e-01 5.251923157861337899e-01 -3.268182516493671308e+00 -2.266062978210483081e+00 9.390729239332152645e+00 -3.839736829559082576e+00 7.179410949888584024e-04 -1.122555536156172589e-04 1.142899845144682708e-03 -7.829221625386608308e-04 -1.109931850022483589e-03 -1.197945564464577596e-02 -1.377555086533894049e-06 2.150382141225010173e-06 -3.213396588576695610e-05 5.384317936629907174e-06 -2.191749366851165884e-05 7.647185741092330652e-03 -7.575041838063076294e-02 5.256346332060019303e-05 -2.843533042797043446e-05 -8.350712852177902303e-06 4.911330168194337871e-05 4.447611347910567539e-05
1.733497589989980815e-05 1.878920352132538313e-04 6.018507802938574875e-05 6.342483994666930882e-06 2.027333865343255078e-05 -1.525919668898497231e-04 -1.203547937687918321e-04 1.224099164759339620e-06 -2.816195298529441756e-05 1.270335100308951066e-05 1.156061693388638734e+00 6.363183888673118070e-04 -3.650906985304804842e+00 7.433371135717588452e+00 1.040651768454890769e-01 -2.786278334406619081e-02 -4.672260039284827360e-01 -6.425734636942540545e-01 1.673313157446685295e+00 2.005762269678291521e+00 -5.150836999776064573e+00 3.356034559889395918e+00 -6.986950456417378302e-04 8.387885047189895906e-05 -1.655451261089246852e-03 1.701781005617232674e-03 3.028710356474159215e-03 8.807539801929624781e-03 -1.318743839463346575e-05 6.092886000197032326e-06 3.974797141749019362e-05 -1.148038548173785419e-05 2.258371827873234373e-05 2.269398864291477524e-02 6.741122423522752372e-02 -5.524628690305286878e-05 -2.714531348574909694e-05 -3.681433114960590073e-06 -6.897213059793008347e-05 -6.324894971778802948e-05
-3.246048510237964477e-04 4.202677675896769800e-04 8.734575743629732550e-06 1.092871752435334245e-06 -5.297442938025248991e-07 -6.574399927173633656e-06 3.350281745247609268e-04 -4.891066132249173403e-06 1.145877034065791508e-04 -7.291486596178655831e-06 3.254563716780206062e-01 -2.708347215644847303e-03 -1.044473512434634516e-01 1.040651768454890630e-01 3.506407453844264221e+00 4.081605603258680603e-01 7.681569213285625863e-02 2.250462152157211085e-02 -9.749108351069017075e+00 5.847742165455148466e+00 1.164265937651873140e+00 -1.646228123599917215e+00 -4.915727826112717023e-04 1.464308610493861079e-04 3.713060462305765625e-04 -7.996579774993959114e-05 7.527339899364129039e-04 -3.463023986355454639e-04 -1.227621990559556663e-05 -3.440524336655101746e-06 -2.219519290738428732e-05 1.899271083074622414e-05 3.269206306502331469e-05 -4.230646190430974868e-02 3.892327240031449170e-02 -1.817993784773554728e-05 -7.818182811810151828e-07 4.023788238390922032e-05 -5.561327046908589369e-05 -1.461800290467979476e-06
-1.971177381921498126e-04 1.028282319477541202e-04 3.084479099927209655e-06 3.323757784656573685e-07 6.286513542132908012e-06 5.831165346636827448e-05 -1.148085252219706542e-04 -3.450638334271918561e-05 -9.813092142890374214e-05 -2.212784604242894180e-05 4.783101011785100276e-01 1.689685665017727912e-04 9.324289904132667534e-03 -2.786278334406620122e-02 4.081605603258680603e-01 3.384070811251558286e+00 2.533430066233472111e+00 2.416498981082912501e+00 9.275394100609023695e+00 -1.432679752065210721e+01 4.656504034802232184e+00 -8.358244307252105099e-01 1.260900012812102256e-04 -2.080161083405783387e-04 -2.982874771874480290e-05 -3.119877770690527197e-04 4.394659667841968554e-04 3.044989130410479406e-03 1.010176765833779821e-06 2.233889975704329140e-06 -6.460323819987526184e-07 1.844255311573729782e-05 4.709480278011432281e-05 3.912716769033653536e-02 5.282709920659467082e-03 -1.306203281392939924e-05 -5.166788856019776315e-05 -3.693305068963342037e-06 2.791363699870235679e-05 1.233273562579203134e-05
8.457241833136205315e-04 6.359963793861901616e-05 -1.396924444590453398e-05 1.062011331583657748e-05 -3.064854957195716509e-05 6.199115488785470049e-04 -2.495282435203617535e-04 -3.861602887843066376e-05 -2.972451254912175534e-05 2.753759560544967043e-04 -1.953391584858553998e+01 1.309750990109827956e-02 4.519890427751973028e-01 -4.672260039284827360e-01 7.681569213285625863e-02 2.533430066233472111e+00 1.907484819710629509e+01 3.303482551974016701e+01 3.762239329449224456e+00 4.212901469099349328e+01 -5.752057741367099908e+01 3.360297774921074954e+00 -1.142678418942437001e-03 -5.475358837412208635e-04 8.798675985929415959e-04 -1.638951071633881588e-03 -3.721057996971342558e-03 -1.417290293911681147e-02 -2.945689391935585596e-05 2.470217525466839266e-06 5.466381686363962493e-05 8.415982098984262918e-05 1.116518085279019095e-05 -1.437142706168122001e-02 -2.022298761536973737e-03 -7.907091219947608456e-05 2.794440439755903775e-05 3.473902436693936151e-05 1.855700515735038907e-05 -2.441453695949161423e-05
2.458717406403920086e-03 1.364405464775823309e-04 -1.059668306510587276e-04 2.908182086935327305e-05 -1.291849911180665666e-04 7.232798760947633165e-04 4.475220812559955867e-04 5.442103388781285161e-04 1.155157138795547483e-04 5.358854205166582209e-04 -6.316212204417976750e+01 -4.580722362664537035e-03 5.251923157861337899e-01 -6.425734636942540545e-01 2.250462152157211085e-02 2.416498981082912501e+00 3.303482551974016701e+01 8.697587275799283191e+01 -3.626036954620166064e+00 6.407125929316883628e+01 -5.509803915114517991e+01 -2.774311211044096481e+01 -2.557358556642865509e-03 -2.913606643036389552e-04 1.616891525310751136e-03 -2.839814812559755992e-03 -1.035849371130009335e-02 -2.508705451676488275e-03 -3.810376882487961209e-05 -6.459394150031162870e-05 7.011099287130117120e-05 7.605637565595154098e-05 -3.907353204765343535e-06 1.668796491987672298e-02 -4.241081452385483952e-02 -8.393446941021467770e-05 1.825258527987563405e-04 1.115404864104168876e-04 -2.252722292190463426e-06 -5.740371144594392475e-05
-3.735277087269671392e-02 -2.305179839611214837e-02 7.503948493728715766e-03 3.974225304316453071e-04 4.526561650642265885e-03 -4.558166242617465828e-03 1.143898214812764545e-03 -2.892812875131659228e-03 3.975968799681301076e-03 5.131867098703694115e-04 5.633728379072118742e+01 -5.626053495328096066e-01 -3.268182516493671308e+00 1.673313157446685295e+00 -9.749108351069017075e+00 9.275394100609023695e+00 3.762239329449224456e+00 -3.626036954620166064e+00 1.248732847479136763e+04 7.363264795520964299e+02 7.267659099766856912e+01 -1.938084068067971444e+01 -1.388259501902887674e-02 2.144774080876927017e-02 4.028506252255634884e-02 3.798607505200931461e-02 -4.783630648633484944e-02 3.914471669268911047e-02 -4.855203060671193756e-04 -9.882144640855864293e-04 -1.132539795754544649e-04 -3.031759382334821978e-03 -9.062769131153397637e-04 -1.449937201852979252e+00 -1.808164127638375585e-01 -1.866501686597090825e-03 1.730768416085997404e-03 1.499889801242729193e-03 4.533669970407461572e-03 4.486822627876133583e-03
-2.256726009985293106e-03 4.983167093613928393e-03 1.274570578231656176e-03 6.977999054559751494e-05 1.652297904663697686e-04 4.208957175461510054e-03 -5.187053285234265523e-03 -1.964093100099996523e-03 -3.255765281835322315e-03 -1.897063893228011569e-03 -1.764509509246192351e+02 -3.289397083442303221e-02 -2.266062978210483081e+00 2.005762269678291521e+00 5.847742165455148466e+00 -1.432679752065210721e+01 4.212901469099349328e+01 6.407125929316883628e+01 7.363264795520964299e+02 1.267222303129824650e+04 1.332366832056755584e+03 -3.823482686306558662e+02 -5.020374057020330488e-03 2.252320893717369224e-02 -4.393026290786082588e-02 -5.098844166952215540e-02 -1.233574360323392016e-01 -2.566739714281771612e-01 1.511850334031123854e-03 -2.497842443474913702e-04 -6.406183797086013919e-04 7.981988237698114420e-04 -3.857872621876272520e-04 1.108806134933683962e+00 -3.427543581924744842e+00 -2.346383695349929608e-03 2.936884936323031544e-03 6.315450740886779241e-03 -6.178451208657188051e-04 8.977851484396633499e-04
7.893676391770777789e-03 -1.137928747600743971e-03 -7.239918991006388848e-04 3.432900033818852680e-04 -4.045031833709885591e-05 -1.129751963388170907e-03 2.853435956255484605e-03 3.071535114183483219e-03 2.312490471891474409e-04 1.986466166635478953e-03 7.624486591282454810e+02 5.804202905586742789e-01 9.390729239332152645e+00 -5.150836999776064573e+00 1.164265937651873140e+00 4.656504034802232184e+00 -5.752057741367099908e+01 -5.509803915114517281e+01 7.267659099766856912e+01 1.332366832056755584e+03 1.194167313646002185e+04 9.535287016483827074e+02 1.494190462673717842e-02 1.328080453828504176e-02 -9.832375722242497895e-02 2.691714657235966604e-03 2.388183992108276060e-02 -1.302617354290293017e-01 1.335735592250363176e-04 -1.898333372815907147e-03 5.347616951640081972e-04 3.083608396891586272e-04 -1.676396157958576260e-03 6.643658086908793559e-01 -1.091869675595627642e+00 1.596759161576546959e-03 3.872684368610032624e-03 9.290174218277472921e-04 -1.080062207760556061e-03 1.087517218182120242e-03
-3.073799268647634843e-03 1.194503641747160505e-02 1.703250130096923805e-03 8.979760698194129290e-05 5.607273491602543253e-04 -7.220297986678438258e-03 1.048170980180455902e-02 -1.340519115468813416e-03 5.616581461006348811e-04 5.632443642171124868e-04 -6.234029672756651053e+02 -1.426602458789210104e-01 -3.839736829559082576e+00 3.356034559889393698e+00 -1.646228123599917215e+00 -8.358244307252105099e-01 3.360297774921074954e+00 -2.774311211044096481e+01 -1.938084068067971444e+01 -3.823482686306558662e+02 9.535287016483829348e+02 1.302646658946692150e+04 -1.467576354249157909e-02 -2.142753311101865815e-02 -1.569126155712275567e-02 -4.323970199803245373e-02 -1.534114534541684560e-01 5.139522432501496263e-02 6.288170695897161988e-04 -8.027784120407603207e-04 -7.866152330553862447e-04 -1.128101941177550452e-03 -2.663858100780020790e-04 -3.028396288181480767e+00 -3.723755396666225681e-01 2.999555545451750276e-03 -8.045817762886527851e-04 -5.500311393702631176e-03 -1.676438068139692928e-04 -4.599110974690279879e-03
-6.079228967474161321e-06 -2.036953239776373071e-06 2.448262322823979185e-07 -4.176084553842036355e-08 6.146212531243662738e-07 -5.923977580062945494e-06 -7.784545322583922113e-06 1.378801641631979920e-06 1.031140410679936732e-07 -2.169377656288652928e-07 1.299446748569781573e-03 -6.606704350491602186e-05 7.179410949888584024e-04 -6.986950456417375050e-04 -4.915727826112717023e-04 1.260900012812102256e-04 -1.142678418942437001e-03 -2.557358556642865509e-03 -1.388259501902887674e-02 -5.020374057020330488e-03 1.494190462673719057e-02 -1.467576354249157909e-02 1.489167294241118891e-03 2.634807880515961653e-04 2.516029323351300870e-06 -4.117411690409254906e-04 3.702088893081402765e-06 6.449811103222539738e-05 -7.290071061748016319e-07 1.825220254467236506e-07 3.438038071084986082e-07 -3.255285822463723129e-07 -4.168526932142865295e-07 -2.390815075623300393e-04 -4.150216992248771187e-04 4.482305491958909445e-07 1.826330268872856271e-07 -1.483450770393405934e-06 3.438765537115225079e-08 -1.133360690065738168e-06
-1.437000662474425730e-06 2.214081505832880976e-06 3.775977004281489111e-07 -8.343232006386080334e-08 1.969934662379174652e-07 -3.911680057169698644e-07 -7.574363722067757731e-06 -1.056099064289919823e-06 -6.144916529039640459e-08 1.402851747237938731e-07 2.122764385588289671e-03 -1.593781231213272994e-05 -1.122555536156172589e-04 8.387885047189924366e-05 1.464308610493861079e-04 -2.080161083405783387e-04 -5.475358837412208635e-04 -2.913606643036389552e-04 2.144774080876927017e-02 2.252320893717369224e-02 1.328080453828504003e-02 -2.142753311101865815e-02 2.634807880515961653e-04 9.105950348675423845e-04 -1.825953412235135451e-05 7.178371924526171345e-04 2.759240764903256713e-06 -7.075596718579966657e-05 4.380072335930857570e-07 -3.589837736280007926e-07 1.266310277989359907e-07 -3.307748481942013748e-08 2.160212936658334125e-07 3.774905289504678100e-04 1.885086349609563911e-04 1.250462302780760799e-07 1.010583559812030879e-06 2.488296869050187164e-07 6.562791584367445481e-07 -1.151112091627641915e-07
3.008051438559260142e-07 -3.347552487321112788e-06 -1.524426811223909902e-06 -2.353861800607756516e-07 -2.103595106016072237e-07 1.473146853734116625e-06 -7.188804228556832030e-06 5.001465751317565626e-07 5.881977472618129269e-07 3.133907981105885277e-07 1.435725162975461794e-03 -8.336505589399320875e-05 1.142899845144682708e-03 -1.655451261089246418e-03 3.713060462305765625e-04 -2.982874771874480290e-05 8.798675985929415959e-04 1.616891525310751136e-03 4.028506252255634884e-02 -4.393026290786082588e-02 -9.832375722242497895e-02 -1.569126155712275567e-02 2.516029323351300870e-06 -1.825953412235135451e-05 8.113244130351103534e-03 1.048878467214583593e-05 3.427873488380307504e-05 2.545552937750371334e-06 2.603748033980240118e-07 1.169584996559577268e-06 -4.333985413660370870e-07 -5.454173091876374934e-07 -7.755580549195513813e-07 -2.340040513654987296e-03 -1.680665768169064135e-04 1.235611294349318472e-06 -1.315565760219584866e-06 -1.117648992486201731e-06 1.880861983236885167e-06 1.158153962967732022e-06
1.052680512429590260e-06 4.434667877839989358e-06 1.114684297481867934e-06 -2.057959452458986717e-08 3.356382489762854143e-07 3.187230297191699496e-07 -1.087780797529577722e-05 -2.060790084851053660e-06 1.948140214279159463e-07 1.118810671900240721e-07 -9.785137889065558328e-03 -1.256445601524947334e-04 -7.829221625386608308e-04 1.701781005617232674e-03 -7.996579774993959114e-05 -3.119877770690527197e-04 -1.638951071633881588e-03 -2.839814812559755992e-03 3.798607505200931461e-02 -5.098844166952215540e-02 2.691714657235966604e-03 -4.323970199803245373e-02 -4.117411690409254906e-04 7.178371924526171345e-04 1.048878467214583593e-05 3.224873418952228874e-03 -6.615720106294103303e-05 -2.358022502446721757e-05 7.160719745082785243e-07 -3.539908950194461554e-07 -4.664570537085086095e-07 5.325339308582235140e-10 3.559642642139468924e-07 3.820003835647713770e-04 1.266837601805274492e-03 9.234239804695491982e-07 9.118758469583411790e-07 1.580133687212497309e-06 6.771537873288101679e-07 -4.111855141886940035e-07
1.842707414008248570e-05 2.016027150476177219e-06 -9.824398603122968883e-07 -1.036918609872569436e-07 -5.998229399946369624e-07 1.004347181050852097e-05 -1.068525209806183731e-05 1.491274779318069352e-07 1.141662102814985213e-07 -5.692995034828190695e-08 1.694038965697445328e-03 1.217230377850785192e-04 -1.109931850022483589e-03 3.028710356474159215e-03 7.527339899364129039e-04 4.394659667841968554e-04 -3.721057996971342558e-03 -1.035849371130009335e-02 -4.783630648633484944e-02 -1.233574360323392016e-01 2.388183992108276060e-02 -1.534114534541684560e-01 3.702088893081402765e-06 2.759240764903256713e-06 3.427873488380307504e-05 -6.615720106294103303e-05 8.093732038275913004e-03 1.990046889164556417e-04 1.324762609022414609e-06 2.324972092186763894e-07 3.465004373968944228e-07 -5.515307068599989399e-07 5.774394452014734697e-07 1.787823956522927721e-03 2.027588293639326594e-04 -3.936930560925920252e-07 3.113883173410352526e-06 -1.378695705259469076e-06 -2.274400924020907050e-06 -3.234020246138596020e-06
7.957140065928569757e-05 3.187314102066094655e-05 -6.832496001422536896e-06 -2.427737512067513695e-07 -3.224150467888820023e-06 4.004084803518800770e-05 -1.054300603360335177e-04 -4.066750307350572556e-06 3.165434024233172476e-06 1.366148094598084573e-06 -9.666852856891896065e-03 -2.569387067332233772e-03 -1.197945564464577596e-02 8.807539801929624781e-03 -3.463023986355427534e-04 3.044989130410467263e-03 -1.417290293911681147e-02 -2.508705451676503453e-03 3.914471669268911047e-02 -2.566739714281771612e-01 -1.302617354290293017e-01 5.139522432501498345e-02 6.449811103222539738e-05 -7.075596718579959881e-05 2.545552937750710994e-06 -2.358022502446721757e-05 1.990046889164556417e-04 2.894131027689959001e-01 1.807476863387575898e-07 -5.127590461616357775e-07 -3.342538955794905414e-06 1.077722069371528493e-05 -2.193288155929033517e-06 4.585494554800698293e-03 -2.237886249220628638e-03 2.370748753149620482e-06 -5.309347094303297676e-08 -1.072780990332120765e-05 -1.091952229539817780e-05 -5.341217844746909134e-06
1.843770608286242378e-07 -2.903410343771831724e-07 -4.633637877448473433e-08 -4.101504646366849234e-09 -4.767920621972021331e-08 2.742848350077713232e-07 4.108075515969609533e-06 9.766326002635430197e-10 7.937116071114003480e-09 -6.184826176717753094e-09 -1.510420965351497689e-04 -5.599134226289098864e-06 -1.377555086533894049e-06 -1.318743839463346744e-05 -1.227621990559556663e-05 1.010176765833779821e-06 -2.945689391935585596e-05 -3.810376882487961209e-05 -4.855203060671193756e-04 1.511850334031123854e-03 1.335735592250367513e-04 6.288170695897161988e-04 -7.290071061748016319e-07 4.380072335930857570e-07 2.603748033980240118e-07 7.160719745082785243e-07 1.324762609022414609e-06 1.807476863387621426e-07 3.361969960832002813e-06 2.336214334376750598e-07 1.417638477720255053e-07 3.183111549126520207e-08 -1.430098808907287594e-08 3.243716768591695175e-05 -1.130980380524092777e-06 -8.444858843346102660e-07 6.315018622073218900e-07 3.700846714719120113e-07 1.802714402804513859e-07 -7.454576646974073856e-08
7.756516656412149974e-07 -9.488688563266461910e-08 2.341987921337855633e-08 6.870251914680279267e-09 -4.722408091768940384e-08 4.847640177592226507e-07 7.520054461371704406e-07 2.003016759591054000e-08 1.398594261892811608e-08 2.008896658409781225e-09 -1.135955606765101693e-04 -1.197209199789787461e-06 2.150382141225010173e-06 6.092886000197011150e-06 -3.440524336655101746e-06 2.233889975704329140e-06 2.470217525466839266e-06 -6.459394150031162870e-05 -9.882144640855864293e-04 -2.497842443474913702e-04 -1.898333372815907147e-03 -8.027784120407603207e-04 1.825220254467236506e-07 -3.589837736280007926e-07 1.169584996559577268e-06 -3.539908950194461554e-07 2.324972092186763894e-07 -5.127590461616380009e-07 2.336214334376750598e-07 3.274723752380948769e-06 2.074040861740438200e-07 8.767511167890425415e-08 6.298706593948739186e-08 6.328754733658131012e-05 6.494888765314897107e-05 3.610684874435722094e-07 -1.657671436300610896e-06 5.533193774074464032e-07 5.506009888444975172e-07 3.676493664135445298e-07
1.551742881125756777e-07 -5.988080113827493878e-09 2.937830633937711923e-08 5.617287352968655813e-09 -3.715129872061086647e-08 9.917995875304545531e-08 -1.014766553439856497e-06 8.191231984659642583e-08 -4.190615105371870688e-10 5.681592944597167394e-09 -5.284120008861518242e-05 -1.726962476180409318e-06 -3.213396588576695610e-05 3.974797141749021395e-05 -2.219519290738428054e-05 -6.460323819987514538e-07 5.466381686363971980e-05 7.011099287130117120e-05 -1.132539795754544649e-04 -6.406183797086013919e-04 5.347616951640086309e-04 -7.866152330553857026e-04 3.438038071084987141e-07 1.266310277989360172e-07 -4.333985413660380929e-07 -4.664570537085086095e-07 3.465004373968944228e-07 -3.342538955794903297e-06 1.417638477720255053e-07 2.074040861740437406e-07 3.424960583928728093e-06 1.508676355729283714e-07 5.780832416411507001e-08 -2.984303364714949131e-05 5.468633882779882207e-06 2.238413344946042097e-07 4.252589947550922734e-07 -1.631742691170967611e-06 6.554837959328426714e-07 6.738192183770152682e-07
-2.397850951948831699e-07 -5.044274303777310134e-08 -2.359828157185871772e-08 -1.394830470205542445e-09 -5.406908809502727066e-08 -5.429670722673135964e-08 -6.763013344698498733e-07 1.879806467351778267e-08 -2.383322362660633641e-09 -2.311166655027135330e-09 4.474641716256891485e-04 -2.845192432430890276e-06 5.384317936629907174e-06 -1.148038548173787113e-05 1.899271083074622414e-05 1.844255311573729782e-05 8.415982098984262918e-05 7.605637565595154098e-05 -3.031759382334821978e-03 7.981988237698114420e-04 3.083608396891591693e-04 -1.128101941177550452e-03 -3.255285822463723129e-07 -3.307748481942013748e-08 -5.454173091876374934e-07 5.325339308582235140e-10 -5.515307068599989399e-07 1.077722069371527985e-05 3.183111549126520207e-08 8.767511167890425415e-08 1.508676355729284244e-07 3.644572301266792521e-06 1.241464176263199403e-07 -3.481059175072785965e-05 1.594761006595413601e-05 3.751205375834145648e-08 2.699073725143150263e-07 4.200711005132214933e-07 -1.316143250980014965e-06 5.451416683431113802e-07
-1.317749115276277448e-06 4.627639410536505887e-08 -1.565428293627017077e-08 -3.803977123512823809e-09 -7.235449047439435921e-09 -6.270618235834456116e-07 2.312969529039868283e-07 -4.536579745728799043e-08 9.915116994828917476e-09 1.581571721595985186e-09 -3.235710996644989125e-04 -3.792953805881587205e-06 -2.191749366851165884e-05 2.258371827873234373e-05 3.269206306502331469e-05 4.709480278011432281e-05 1.116518085279019095e-05 -3.907353204765343535e-06 -9.062769131153397637e-04 -3.857872621876272520e-04 -1.676396157958576260e-03 -2.663858100780020790e-04 -4.168526932142865295e-07 2.160212936658334125e-07 -7.755580549195513813e-07 3.559642642139468924e-07 5.774394452014734697e-07 -2.193288155929033517e-06 -1.430098808907287594e-08 6.298706593948739186e-08 5.780832416411507001e-08 1.241464176263199403e-07 3.902860151789989845e-06 4.449071525672854257e-05 2.987609850942240741e-05 -2.309683957589791252e-08 5.975004803402976481e-08 1.952609589140029426e-07 3.262740107190074216e-07 -8.174523882862540280e-07
1.121989468160555699e-04 5.081355301001040030e-05 6.100739615639166099e-05 5.253031677328719051e-06 3.346625719257713925e-05 2.255663892290133676e-05 -5.444126535770328173e-05 -4.738790084835670465e-05 -4.378873846886488493e-06 -1.712855808432629635e-05 1.739675053144313643e-01 -7.498227204573808952e-03 7.647185741092330652e-03 2.269398864291477524e-02 -4.230646190430974868e-02 3.912716769033652148e-02 -1.437142706168121307e-02 1.668796491987677849e-02 -1.449937201852979252e+00 1.108806134933683962e+00 6.643658086908793559e-01 -3.028396288181480323e+00 -2.390815075623299851e-04 3.774905289504681353e-04 -2.340040513654987296e-03 3.820003835647713770e-04 1.787823956522927721e-03 4.585494554800698293e-03 3.243716768591693820e-05 6.328754733658131012e-05 -2.984303364714948454e-05 -3.481059175072785287e-05 4.449071525672854257e-05 8.367225309773296260e+00 -3.875999488979974678e-02 -8.727650542888369179e-05 3.283758622201995341e-05 7.619736424444404374e-05 5.056142519103245375e-05 -2.031533289184127408e-05
1.507999182327817388e-04 -1.572534489641458561e-04 2.034633310333909591e-05 -2.072868868018856266e-08 -1.561164847625827584e-06 6.078957283139117769e-05 1.141974595439536626e-04 -2.482584051703326201e-06 -9.869011372971292298e-07 -6.606151968765327087e-06 -3.114503942764601518e-01 -2.196298570157661275e-03 -7.575041838063076294e-02 6.741122423522752372e-02 3.892327240031449170e-02 5.282709920659467082e-03 -2.022298761536973737e-03 -4.241081452385483952e-02 -1.808164127638375585e-01 -3.427543581924744842e+00 -1.091869675595626976e+00 -3.723755396666225681e-01 -4.150216992248771187e-04 1.885086349609563911e-04 -1.680665768169064135e-04 1.266837601805274492e-03 2.027588293639326594e-04 -2.237886249220617796e-03 -1.130980380524092777e-06 6.494888765314897107e-05 5.468633882779877125e-06 1.594761006595413601e-05 2.987609850942240741e-05 -3.875999488979973984e-02 8.353765879936331018e+00 -1.028583079107588306e-04 4.013873261707483534e-06 -7.148535380269501587e-06 -3.383676703975359477e-06 2.089315413171227750e-05
7.474803133077942940e-07 -1.235533367339185487e-07 -4.640042743735063167e-08 -1.100149640313782011e-08 -8.142835271614203052e-08 4.674096030127945555e-07 4.277963134765116232e-06 1.040943190210624781e-07 1.841915434761068525e-08 1.384404962683835542e-09 -6.916104193039003577e-04 1.190245572445053246e-05 5.256346332060019303e-05 -5.524628690305288234e-05 -1.817993784773554728e-05 -1.306203281392939924e-05 -7.907091219947608456e-05 -8.393446941021467770e-05 -1.866501686597090825e-03 -2.346383695349929608e-03 1.596759161576547176e-03 2.999555545451750276e-03 4.482305491958909445e-07 1.250462302780760270e-07 1.235611294349318472e-06 9.234239804695491982e-07 -3.936930560925920252e-07 2.370748753149629799e-06 -8.444858843346102660e-07 3.610684874435722094e-07 2.238413344946042097e-07 3.751205375834145648e-08 -2.309683957589791252e-08 -8.727650542888375955e-05 -1.028583079107588306e-04 2.361129144958424881e-05 8.971997087940508908e-07 6.574682551556935430e-07 3.194842932094554799e-07 -9.415815672121047639e-08
1.403821128396108601e-06 6.168822497483377878e-07 2.655859423403325059e-08 1.175283821599946055e-08 -1.649398328892676703e-07 7.260478504597444460e-07 1.109707983812609308e-06 1.772545603611750605e-08 -2.411976019853650069e-09 -4.231841454503243411e-09 -7.477293041172008872e-05 -2.706369273192887895e-06 -2.843533042797043446e-05 -2.714531348574908000e-05 -7.818182811810053360e-07 -5.166788856019774960e-05 2.794440439755902419e-05 1.825258527987565031e-04 1.730768416085997404e-03 2.936884936323031544e-03 3.872684368610033925e-03 -8.045817762886521346e-04 1.826330268872853889e-07 1.010583559812030879e-06 -1.315565760219584866e-06 9.118758469583411790e-07 3.113883173410352526e-06 -5.309347094303297676e-08 6.315018622073219958e-07 -1.657671436300611107e-06 4.252589947550922734e-07 2.699073725143149204e-07 5.975004803402976481e-08 3.283758622201994663e-05 4.013873261707501322e-06 8.971997087940512084e-07 1.939746223883872167e-05 1.715638919355545016e-06 1.676475555162363626e-06 1.311161954329984227e-06
9.060763539970655406e-07 8.657305003773735310e-07 6.002492853941965790e-08 2.785910714349478871e-08 -2.319797573615016267e-07 6.369165407773075878e-07 -4.130914107020572894e-06 -5.925114398870078088e-09 3.176719147119233238e-08 -1.243825788953795007e-08 3.656078684216114481e-05 8.586928996249158601e-06 -8.350712852177902303e-06 -3.681433114960544757e-06 4.023788238390922032e-05 -3.693305068963342037e-06 3.473902436693936151e-05 1.115404864104168876e-04 1.499889801242729193e-03 6.315450740886779241e-03 9.290174218277465331e-04 -5.500311393702631176e-03 -1.483450770393405934e-06 2.488296869050186105e-07 -1.117648992486201731e-06 1.580133687212497309e-06 -1.378695705259469076e-06 -1.072780990332118562e-05 3.700846714719120113e-07 5.533193774074464032e-07 -1.631742691170968246e-06 4.200711005132214933e-07 1.952609589140029426e-07 7.619736424444404374e-05 -7.148535380269501587e-06 6.574682551556935430e-07 1.715638919355545016e-06 1.591512463429212694e-05 3.179181191363125615e-06 3.220032841463152637e-06
