# logA ns H0 omegabh2 omegach2 w w_growth omegam_growth LSST_DZ_S1 LSST_DZ_S2 LSST_DZ_S3 LSST_DZ_S4 LSST_DZ_S5 LSST_A1_1 LSST_A1_2 LSST_M1 LSST_M2 LSST_M3 LSST_M4 LSST_M5
6.854135238782257770e-03 8.040688659099998583e-04 -6.664234066006541335e-02 -2.610013324757893791e-06 -4.428567827017133819e-04 1.805068594199961320e-03 1.556511609260682709e-03 -6.656628217020717523e-04 4.873238061086779678e-07 1.084029113391977711e-05 1.234954374436319964e-05 8.015000094406213332e-06 -1.001428050236921042e-05 4.814033612454359477e-03 -5.970070949743314440e-03 -3.532645350710074746e-06 9.335523420985104040e-06 1.658185505152579497e-05 7.759797324227571332e-06 -6.081422290510189889e-05
8.040688659099998583e-04 3.910246303538648244e-04 -1.320479446451711288e-02 -2.610717550442020518e-07 -1.029004127453560485e-04 1.393831365275162112e-04 -1.005448702883036428e-03 -1.671010613269936253e-04 -2.601797629859391257e-07 -1.308432795322436431e-08 -1.980122276683453809e-07 -8.859625848482826949e-09 1.005679875184796873e-06 -1.078093582389879615e-03 -9.027287110024586171e-04 -1.458335968405422374e-07 1.553254884521568846e-06 2.387455484619106011e-06 3.762811179439306224e-06 5.602962768778397035e-06
-6.664234066006541335e-02 -1.320479446451711288e-02 1.559411803542327002e+00 1.981523491196689342e-04 6.669398031932170443e-03 -3.099764666838234276e-02 3.339984587128190519e-02 8.952680290308934197e-03 8.886371288786045755e-05 1.076424918783024630e-04 1.817123466724978350e-05 -8.508633511621031278e-05 -2.863020439725120423e-06 1.809769676001585920e-02 1.049473691708335543e-01 1.511855668201601951e-04 2.101034044996256392e-04 9.265272505630199184e-05 -1.862457152006456718e-04 -3.715592961312044491e-04
-2.610013324757893791e-06 -2.610717550442020518e-07 1.981523491196689342e-04 2.588588501615816335e-07 5.988008213571334449e-07 1.026425818949029780e-07 7.294664688799181336e-07 1.356581841461186513e-07 -1.261069912248292747e-08 -2.057884356997675501e-09 -1.157800341458106067e-08 1.397724422759720248e-09 1.989486374194022265e-08 4.686094880252127797e-06 1.771204841980495868e-05 7.084768858043785699e-09 9.402058062283772610e-09 -7.164875552701567127e-10 -2.205600728955746659e-08 -2.323762581494679884e-08
-4.428567827017133819e-04 -1.029004127453560485e-04 6.669398031932170443e-03 5.988008213571334449e-07 4.706489431065859745e-05 -1.181992448909149852e-04 4.725312285674995011e-04 1.210908359599168166e-04 -5.674931055143110157e-08 -1.250215561037813852e-07 -3.932379819850660991e-07 -4.450221043614578698e-07 1.682861610343283964e-07 3.644195299384614352e-04 5.750559224659883501e-04 1.094056870305302139e-07 -2.996436971498232595e-07 -3.911296605926889312e-07 -7.417024689071333066e-07 -4.544535596486111144e-08
1.805068594199961320e-03 1.393831365275162112e-04 -3.099764666838234276e-02 1.026425818949029780e-07 -1.181992448909149852e-04 1.818207891148818436e-03 -3.613170629475936403e-04 -2.712441049157418051e-04 -6.351410514110955916e-06 -3.808619655721509957e-06 -8.050680582375232767e-07 2.886422337714016205e-06 3.322516964756879499e-06 1.255140447677581929e-03 -1.410952074570662185e-03 -8.196912526823822703e-06 -1.108675842275734618e-05 -1.955958029542341323e-06 1.093897497903167371e-05 1.433125022316186278e-05
1.556511609260682709e-03 -1.005448702883036428e-03 3.339984587128190519e-02 7.294664688799181336e-07 4.725312285674995011e-04 -3.613170629475936403e-04 2.349931961904824090e-02 3.866927386663983422e-03 7.870491039365759487e-07 2.411639876881052817e-05 1.881363272939289813e-05 8.586843127208026159e-06 -1.718352232999475199e-05 2.744550174857332547e-02 1.997023344701115855e-03 -6.188423202818571797e-06 1.954684687079488766e-05 4.699631364287661924e-05 2.959879006750742601e-05 -8.872558319188935435e-05
-6.656628217020717523e-04 -1.671010613269936253e-04 8.952680290308934197e-03 1.356581841461186513e-07 1.210908359599168166e-04 -2.712441049157418051e-04 3.866927386663983422e-03 1.194114111899737549e-03 2.480159066863301428e-06 2.518766723457656155e-06 -4.171434189112839426e-07 -1.096839976808771396e-06 1.289696088205219842e-07 4.599045018820305947e-03 7.926417054318845266e-04 2.309152221014714297e-06 2.049366761869182267e-06 3.830083865955198413e-06 2.560208566555148371e-06 -1.024650713147468171e-06
4.873238061086780737e-07 -2.601797629859391257e-07 8.886371288786045755e-05 -1.261069912248292747e-08 -5.674931055143108834e-08 -6.351410514110955916e-06 7.870491039365755251e-07 2.480159066863301428e-06 3.247621877152060724e-06 3.505657352115738306e-07 1.597791379294372737e-07 4.529708181859885977e-08 1.310313910986204888e-08 3.407930854280877823e-05 -1.097553976880896758e-04 -9.310908858711851808e-07 6.566458510365313444e-07 5.275773171179268105e-07 2.154204199391179924e-07 -1.596285299386820362e-07
1.084029113391977711e-05 -1.308432795322442055e-08 1.076424918783024630e-04 -2.057884356997675501e-09 -1.250215561037813588e-07 -3.808619655721509957e-06 2.411639876881052817e-05 2.518766723457656155e-06 3.505657352115738306e-07 3.208963904717298453e-06 1.949766977108968315e-07 1.738035065194563954e-07 -3.295633257817605474e-08 1.308624745883021510e-04 -1.409749240475656908e-05 3.618443128673188447e-07 -1.633562778218653075e-06 7.720960908377489263e-07 5.405010151678588801e-07 9.651457430379834980e-08
1.234954374436319455e-05 -1.980122276683446662e-07 1.817123466724977334e-05 -1.157800341458108880e-08 -3.932379819850657286e-07 -8.050680582375245472e-07 1.881363272939290152e-05 -4.171434189112841544e-07 1.597791379294372737e-07 1.949766977108968315e-07 3.371929379821010206e-06 2.325592437114414941e-07 -1.736130499398062690e-08 5.027148797688106433e-05 7.331616030016757859e-06 2.096013300780152330e-07 5.365736319311937530e-07 -1.702784885488068580e-06 6.610289720350854418e-07 4.497928039219094519e-07
8.015000094406213332e-06 -8.859625848482826949e-09 -8.508633511621031278e-05 1.397724422759720248e-09 -4.450221043614578698e-07 2.886422337714016205e-06 8.586843127208026159e-06 -1.096839976808771396e-06 4.529708181859885977e-08 1.738035065194564219e-07 2.325592437114414941e-07 3.728972741536444080e-06 6.877496046006648057e-08 -5.592214173762017335e-05 -4.478382028250452016e-05 2.167818456286595308e-08 2.485726863568720910e-07 4.565523955941711142e-07 -1.526766353952283949e-06 5.205210286362179628e-07
-1.001428050236921042e-05 1.005679875184796873e-06 -2.863020439725118729e-06 1.989486374194021272e-08 1.682861610343283964e-07 3.322516964756879499e-06 -1.718352232999475199e-05 1.289696088205218519e-07 1.310313910986204227e-08 -3.295633257817605474e-08 -1.736130499398062690e-08 6.877496046006648057e-08 3.976806448577798733e-06 -8.475410225905268837e-05 1.133357601173044652e-04 -5.091896362516452419e-08 -2.743313100435146082e-09 9.314448685838958735e-08 3.045384372675601261e-07 -6.734227916095782361e-07
4.814033612454348202e-03 -1.078093582389880265e-03 1.809769676001590083e-02 4.686094880252115091e-06 3.644195299384613809e-04 1.255140447677582797e-03 2.744550174857333935e-02 4.599045018820306814e-03 3.407930854280877823e-05 1.308624745883021510e-04 5.027148797688107111e-05 -5.592214173762017335e-05 -8.475410225905268837e-05 8.246250643356333399e+00 -1.238053958361859941e-01 3.655427856014933544e-05 -5.699976866675297226e-06 5.033136730623588551e-05 9.368352840434536184e-05 -1.522467316606970951e-04
-5.970070949743316174e-03 -9.027287110024586171e-04 1.049473691708335543e-01 1.771204841980496207e-05 5.750559224659883501e-04 -1.410952074570662185e-03 1.997023344701115855e-03 7.926417054318845266e-04 -1.097553976880896758e-04 -1.409749240475656908e-05 7.331616030016765482e-06 -4.478382028250452694e-05 1.133357601173044652e-04 -1.238053958361860635e-01 8.398116626100586402e+00 -3.218366734862968556e-05 -3.528131786763934489e-05 -9.318413128836194425e-05 -7.702292821574311418e-05 -9.842374182119524031e-05
-3.532645350710074746e-06 -1.458335968405422374e-07 1.511855668201601951e-04 7.084768858043785699e-09 1.094056870305302272e-07 -8.196912526823822703e-06 -6.188423202818571797e-06 2.309152221014714297e-06 -9.310908858711851808e-07 3.618443128673188447e-07 2.096013300780152066e-07 2.167818456286595308e-08 -5.091896362516451095e-08 3.655427856014933544e-05 -3.218366734862968556e-05 2.353131386812333078e-05 9.174518376992692073e-07 5.447698244839493865e-07 1.793797403694177419e-07 -3.368519726455418701e-07
9.335523420985102346e-06 1.553254884521568422e-06 2.101034044996256663e-04 9.402058062283764338e-09 -2.996436971498232595e-07 -1.108675842275734618e-05 1.954684687079489105e-05 2.049366761869183537e-06 6.566458510365313444e-07 -1.633562778218653075e-06 5.365736319311937530e-07 2.485726863568720910e-07 -2.743313100435149804e-09 -5.699976866675297226e-06 -3.528131786763936522e-05 9.174518376992692073e-07 1.968578169921367195e-05 1.768657002116550238e-06 1.584380254548485781e-06 8.205701030946599534e-07
1.658185505152579497e-05 2.387455484619106011e-06 9.265272505630199184e-05 -7.164875552701567127e-10 -3.911296605926889312e-07 -1.955958029542341746e-06 4.699631364287661924e-05 3.830083865955198413e-06 5.275773171179268105e-07 7.720960908377489263e-07 -1.702784885488068580e-06 4.565523955941711142e-07 9.314448685838958735e-08 5.033136730623589229e-05 -9.318413128836194425e-05 5.447698244839493865e-07 1.768657002116550238e-06 1.630802902105071663e-05 3.296737012683042848e-06 2.958460257153827816e-06
7.759797324227571332e-06 3.762811179439306224e-06 -1.862457152006456718e-04 -2.205600728955746659e-08 -7.417024689071332007e-07 1.093897497903167371e-05 2.959879006750742601e-05 2.560208566555148371e-06 2.154204199391179924e-07 5.405010151678588801e-07 6.610289720350854418e-07 -1.526766353952284161e-06 3.045384372675601791e-07 9.368352840434536184e-05 -7.702292821574312773e-05 1.793797403694177684e-07 1.584380254548485781e-06 3.296737012683042848e-06 1.426712252798920175e-05 5.814084781129900667e-06
-6.081422290510187856e-05 5.602962768778397882e-06 -3.715592961312043406e-04 -2.323762581494683192e-08 -4.544535596486102541e-08 1.433125022316186278e-05 -8.872558319188939501e-05 -1.024650713147469653e-06 -1.596285299386820627e-07 9.651457430379836304e-08 4.497928039219094519e-07 5.205210286362179628e-07 -6.734227916095782361e-07 -1.522467316606970951e-04 -9.842374182119526741e-05 -3.368519726455418701e-07 8.205701030946599534e-07 2.958460257153827816e-06 5.814084781129900667e-06 1.530484806008324962e-05
