# logA ns theta_MC_100 omegabh2 omegach2 tau omegam_growth A_planck calib_100T calib_217T A_cib_217 xi_sz_cib A_sz ksz_norm gal545_A_100 gal545_A_143 gal545_A_143_217 gal545_A_217 ps_A_100_100 ps_A_143_143 ps_A_143_217 ps_A_217_217 galf_TE_A_100 galf_TE_A_100_143 galf_TE_A_100_217 galf_TE_A_143 galf_TE_A_143_217 galf_TE_A_217 LSST_DZ_S1 LSST_DZ_S2 LSST_DZ_S3 LSST_DZ_S4 LSST_DZ_S5 LSST_A1_1 LSST_A1_2 LSST_M1 LSST_M2 LSST_M3 LSST_M4 LSST_M5
2.131442293857847175e-04 3.102354869451132602e-05 1.186469347416280559e-06 9.592107255001262699e-07 -6.429888844996789883e-06 9.594962237786740884e-05 -1.066114098202945888e-04 8.692364522971778707e-06 2.749555806077988962e-07 -1.451047062676603668e-07 -2.699018319744064202e-03 -2.145143966648812797e-05 1.512392676496678706e-04 -2.373729374337121075e-04 -3.388700719248116059e-04 -4.000754641739413158e-05 -2.142589608111842973e-04 9.669694812535862757e-04 -5.617744914839643833e-02 -3.228013664066223948e-02 1.392174503724554185e-03 7.015762661025225916e-03 -5.533082909431891468e-07 1.550877468434790537e-06 3.846321770510913236e-06 -5.104728113054701634e-06 7.979868151412628516e-06 1.040768796165699703e-06 3.756488526576158630e-07 6.657934276398492429e-07 6.035749911763022288e-07 -2.058288283455311240e-07 -1.014709978241266097e-06 4.875059591587189772e-04 8.843037585796511820e-05 4.068975876083722086e-07 1.528821576466242298e-06 2.814196965963540201e-07 -2.428497838674359047e-06 -9.615295877225508387e-06
3.102354869451132602e-05 6.948179221947382693e-05 3.730702969696766118e-06 1.178240531047133745e-06 -1.490848922183531492e-06 -4.147387965086166709e-06 -1.231471554865809217e-05 -1.185867739892453098e-06 1.579541570501421203e-08 -3.862173737511624891e-08 -5.398381695083066464e-04 -2.129563111233393095e-05 -2.444883698316411224e-04 -6.288459574155813863e-05 4.393690951277714920e-04 1.639982724758641617e-04 5.876814128107497761e-05 -3.847443221952593110e-04 -2.142822039048773025e-02 -6.553418961637773842e-03 1.663134224424695547e-03 4.975151650570810470e-03 -1.647683434906895264e-06 -3.908802793586885652e-07 -4.744173752091432874e-06 -1.631452567228725533e-06 1.333234429792555998e-05 1.766323728817828295e-05 -7.118521770328215680e-08 9.730954473862962044e-08 1.101070646310655408e-07 2.749734352020433641e-08 2.140455789919018534e-07 -7.667426260041037504e-05 1.522930678380493195e-04 -8.639454912014653364e-08 8.266303205529214364e-07 9.354613710988065360e-07 4.425107120830092274e-07 -4.566995976910552451e-07
1.186469347416280559e-06 3.730702969696766118e-06 2.800886325062808332e-06 3.378394073471762852e-07 1.115199980473261938e-06 -2.386081343652991348e-06 -7.924844820144490563e-06 -5.402291684734028631e-07 -9.976717827443331455e-09 3.242378713432614220e-09 -4.894717574125021864e-04 -4.377719522676360799e-06 5.994373475470778551e-05 5.124351288541499611e-06 5.935726605410019461e-06 2.989544914728752594e-05 9.909937267092610897e-05 6.456691611369163924e-05 7.282579335908944719e-03 1.204759673574587291e-03 1.218231326938107404e-03 1.635897989256691843e-03 -1.525370440425449682e-07 -6.382058818378751803e-07 6.373101495222761660e-07 -1.378583346370211381e-06 1.723713486881059227e-06 -4.712897757118319099e-06 9.954255795943959383e-09 7.695230961251613524e-08 4.159854365707062581e-09 -4.396603871119169961e-09 -4.153204993139269402e-08 -3.032349353134563752e-05 3.590330920732907129e-05 -1.105512369824593054e-08 1.024228474085255431e-07 1.134674753037729830e-07 -1.406666949440281194e-07 -6.599173769010795320e-07
9.592107255001262699e-07 1.178240531047133745e-06 3.378394073471762852e-07 8.322131960780696091e-08 1.150420203103694537e-07 -8.543972593295889213e-08 -9.493367354265664449e-07 -5.076569575312365987e-08 4.768081394494750275e-09 5.167719923620512954e-10 -1.612858547291849698e-04 -3.236657327312162417e-07 4.172646500892098688e-06 7.280027131153850005e-07 -2.252031143680943968e-06 4.337459930600797605e-06 1.787357247234759559e-05 2.141114308837324453e-05 4.630171239124813791e-04 8.557293078662691862e-05 4.560898628788293864e-04 3.761422854405589299e-04 -8.569006839664001583e-08 -1.829336196661498718e-08 9.218074660015568068e-08 -8.216119497234896308e-08 4.362815284031256084e-07 1.620988987108130310e-07 4.498755490239720512e-09 1.500505111357194516e-08 8.112726345303047665e-09 4.467807877405546528e-09 1.286960722420424949e-09 -6.063182153532592065e-06 6.396018705644208184e-06 3.052378717296319889e-09 2.763314025707088469e-08 3.726708251692368548e-08 7.527919468028134711e-09 -6.828961474063441311e-08
-6.429888844996789883e-06 -1.490848922183531492e-06 1.115199980473261938e-06 1.150420203103694537e-07 9.489819736021640619e-07 -4.012009966011105263e-06 -5.066757710505518197e-06 -4.742528735096977822e-07 -7.558356011459809746e-09 5.206441677199721589e-09 -1.489403273896845563e-04 -1.354797350475641032e-06 2.447565949913274263e-05 1.165154372497894982e-05 -1.318766681812585690e-05 1.269717378063897151e-05 5.220277372819361538e-05 2.295602563257620254e-05 5.442631919865013879e-03 2.054819196230333895e-03 9.463478494669327196e-04 2.662099998797810754e-04 2.033767234564137341e-07 -3.208933653111789283e-07 2.659968535252030823e-08 -5.693408637273464459e-07 4.983263055515213428e-07 -2.430564109264842854e-06 -3.278912555797228682e-08 -2.667768905156559155e-08 -6.758188262643083749e-08 -5.111809263260581327e-08 -2.712561260255516068e-08 -1.991671336320845027e-05 -1.462401100488572433e-05 -3.127526666599959899e-08 -1.399857950930902621e-07 -2.111024284235478642e-07 -3.730678400220782756e-07 -5.969751717165577873e-07
9.594962237786740884e-05 -4.147387965086166709e-06 -2.386081343652991348e-06 -8.543972593295889213e-08 -4.012009966011105263e-06 6.026306063899985934e-05 -3.308216436062024000e-05 -8.709505108677813873e-07 6.293898161338874976e-09 -6.212509641734427649e-08 -1.783712402498724631e-04 4.067423742633392766e-06 2.619764419803267139e-04 -1.340314409230428463e-04 1.065678871225192545e-04 6.437365469444980516e-05 -5.507244243912140829e-07 -2.142205857038129158e-04 -1.195803172166932070e-02 -7.692614548681485191e-03 -7.473275044027410767e-03 2.997299264480947703e-03 -5.924376102997972289e-08 1.048098107551027739e-06 2.702751696480339986e-06 -3.974045525972902314e-06 -1.229002475263833384e-06 -8.122353564106524611e-06 2.869108991773298398e-07 3.020942997506531489e-07 3.706867099895502301e-07 -3.577191790609582772e-08 -5.225079036161229264e-07 3.065278661925484207e-04 1.111718694436255648e-05 2.876298797594218677e-07 7.559888845289701268e-07 2.763723015613760238e-07 -3.151249521995440704e-07 -2.946398604344849438e-06
-1.066114098202945888e-04 -1.231471554865809217e-05 -7.924844820144490563e-06 -9.493367354265664449e-07 -5.066757710505518197e-06 -3.308216436062024000e-05 4.091258676192463420e-04 -2.805404310339849979e-06 -1.326423261577767432e-07 9.286796772070082295e-08 1.676067273817951979e-04 4.411877711623196733e-05 9.398354851098469085e-05 2.460081886475533417e-04 4.131972447587887250e-04 -3.736417285481285328e-04 -7.111929374073616987e-05 -1.308083438605820966e-04 6.174732452619961960e-03 5.552114814120726050e-03 -1.351116440607717491e-03 -5.620016461396072638e-03 -8.147834181898366905e-06 1.054656194519563611e-06 -7.823152695112111526e-06 1.037045055982887253e-05 -2.073649498146903000e-05 -3.544430695636035562e-05 3.620421613426755148e-06 7.144005467189343150e-07 -1.143815883318731168e-06 -6.724158081640307583e-07 2.703025381107686427e-07 -1.670902341690971187e-04 7.062995336554440213e-04 4.249540319690903566e-06 1.208193194870913149e-06 -3.077897843732485833e-06 -5.016298827464552493e-06 3.747245177246784924e-07
8.692364522971778707e-06 -1.185867739892453098e-06 -5.402291684734028631e-07 -5.076569575312365987e-08 -4.742528735096977822e-07 -8.709505108677813873e-07 -2.805404310339849979e-06 6.459907961901318602e-06 -1.140039955490096273e-09 1.698347416686966613e-09 8.059033383133938589e-04 4.064527773816401333e-06 4.473683430848565517e-06 -3.030799056215252569e-05 -7.320889558253882812e-05 -3.309368239229242893e-05 -7.904391956188788011e-05 6.471271788021194316e-04 -5.824809816332513109e-03 -3.161245102089686558e-03 1.460372350927978012e-03 -1.563388046358848375e-03 1.685592325871042266e-07 6.353799599277276843e-07 -6.521558299240776298e-07 2.209939787500164720e-06 -7.284611416141669233e-07 -2.667433122654520305e-06 -1.667813780303756911e-08 2.545323458808171209e-08 2.644912419825121513e-08 3.218302869575584078e-08 -3.077849279280733963e-09 2.253547974895881194e-06 4.685914017977282709e-06 1.431805636299651305e-08 -6.133889721291108783e-09 4.688884588478668876e-09 -1.190833437673525928e-07 -2.358669239976252035e-07
2.749555806077988962e-07 1.579541570501421203e-08 -9.976717827443331455e-09 4.768081394494750275e-09 -7.558356011459809746e-09 6.293898161338874976e-09 -1.326423261577767432e-07 -1.140039955490096273e-09 4.372317909952710582e-07 3.381117850530729153e-09 -2.860058709735877774e-04 2.030711221195543736e-06 5.161409400792869726e-05 -3.992297637141384206e-05 1.061826831100215186e-04 -1.027966716354940295e-04 -2.144495273833806859e-05 1.002252772771127794e-04 3.339953570402334846e-03 -3.455855122994434380e-03 -6.081403168681432303e-04 1.260639019080019116e-04 1.504841878500711248e-07 2.580422227430353670e-07 4.152767823768205235e-07 1.258947862367573237e-07 -3.878114372641609902e-07 1.692472654144055747e-06 7.608417505955933784e-09 1.444586591649616291e-08 -4.994704064352127269e-10 2.194745211326866832e-09 -1.066285508651676185e-08 9.811707968313910104e-06 1.067030240189304956e-05 4.719001594760756735e-09 -1.189144699307565599e-09 -2.785865073397444371e-09 -8.473632630538152291e-09 3.771059201162061847e-10
-1.451047062676603668e-07 -3.862173737511624891e-08 3.242378713432614220e-09 5.167719923620512954e-10 5.206441677199721589e-09 -6.212509641734427649e-08 9.286796772070082295e-08 1.698347416686966613e-09 3.381117850530729153e-09 4.159629283685594481e-07 5.882367042580861037e-04 8.953482747883380302e-07 -3.688371833395645613e-06 1.276189836910811704e-05 1.742368154958400023e-07 -2.577690269475144897e-05 2.669773260921232496e-04 5.904732331255601934e-04 7.226157498234032570e-04 -9.204287664551179509e-04 1.789366888405045193e-03 1.042091768711936534e-04 2.274656134949155071e-07 -6.379891005494986501e-08 2.554037347455292468e-07 -1.453772524930273123e-07 4.179297173664214932e-07 4.776206006933326423e-07 -2.063156362028798235e-09 -1.133862042363584683e-08 6.681804340694752845e-09 3.028299858437833610e-09 1.792418562435988790e-10 -1.808610320362275410e-05 -6.988320893996249608e-06 9.271123809447296472e-09 8.930877834749622406e-09 4.632680720030058579e-09 1.684513524959321298e-08 5.293376868488339518e-09
-2.699018319744064202e-03 -5.398381695083066464e-04 -4.894717574125021864e-04 -1.612858547291849698e-04 -1.489403273896845563e-04 -1.783712402498724631e-04 1.676067273817951979e-04 8.059033383133938589e-04 -2.860058709735877774e-04 5.882367042580861037e-04 4.568073101568553511e+02 -1.659134680115324223e-01 -1.627755926524935948e+00 1.672978294743136640e+00 2.761457858377465158e-01 -5.728723191263800085e-02 -1.958630304260761790e+01 -6.047447710750575567e+01 4.533023687849341599e+01 -1.743172421032771524e+02 7.874504783861910937e+02 -6.075064502267322268e+02 -2.705330228977803446e-03 9.646322432414136542e-04 -3.373363955598182497e-03 3.939178237853371324e-03 -5.649256976859485732e-03 -5.401915638363892491e-02 -3.795119592626154594e-05 -2.988782167374282235e-04 3.583026899982675213e-06 4.260329859929862760e-04 -9.711103666210280962e-05 4.502926700552982164e-01 1.971477915783153845e-01 -1.157396813852564025e-04 -1.573303576411911979e-04 -4.156812662630618850e-04 -4.559677139070199736e-04 -6.676071176254844055e-04
-2.145143966648812797e-05 -2.129563111233393095e-05 -4.377719522676360799e-06 -3.236657327312162417e-07 -1.354797350475641032e-06 4.067423742633392766e-06 4.411877711623196733e-05 4.064527773816401333e-06 2.030711221195543736e-06 8.953482747883380302e-07 -1.659134680115324223e-01 8.285743464720247975e-02 1.825891957870524711e-03 -1.431179419482369285e-03 2.119434389817885338e-03 3.422259588639494331e-03 1.502784919804657678e-02 1.006656734418529686e-04 -7.303463820988824462e-02 1.218145439021353083e-01 7.123479654794956373e-01 -1.294807348803170555e-01 7.438918365190312870e-05 6.982332241856377843e-06 9.500359206004073550e-05 -3.071054740293964323e-05 -4.668363752317459441e-04 1.309414033053898441e-03 1.924737872269347714e-06 2.339161457228518724e-06 -4.195132450380387725e-06 5.074025632173826253e-06 2.852366543854885231e-06 -6.845819102551164775e-04 -3.840337525815609027e-03 -2.555174359525328100e-06 3.870575387238760399e-06 -3.126223762198952620e-06 -1.494120865131001906e-06 4.234278815766282091e-06
1.512392676496678706e-04 -2.444883698316411224e-04 5.994373475470778551e-05 4.172646500892098688e-06 2.447565949913274263e-05 2.619764419803267139e-04 9.398354851098469085e-05 4.473683430848565517e-06 5.161409400792869726e-05 -3.688371833395645613e-06 -1.627755926524935948e+00 1.825891957870524711e-03 4.601906117811117802e+00 -3.629777130569033616e+00 -3.061434136619196889e-02 6.796362437130624989e-02 4.648865412561052346e-01 4.455309036884501639e-01 -6.163231306808298449e+00 4.806984760559638303e-01 1.061985075784109966e+01 8.299694477037308227e-01 -4.133955918992343733e-04 -2.496408680462590336e-04 4.846460198734459145e-04 5.480064833626770030e-04 -2.915893396589407712e-03 4.472621661514212740e-03 2.296773701207130189e-05 -2.927530361513676615e-06 -2.324290643755432399e-05 6.235188722561368114e-06 1.385878447933587006e-05 -4.371107421256543481e-03 3.520260587837236582e-02 -2.740263728547533674e-05 1.089831704276820647e-05 4.988115995109340521e-05 -4.374663389263976510e-05 -2.748235846918386681e-05
-2.373729374337121075e-04 -6.288459574155813863e-05 5.124351288541499611e-06 7.280027131153850005e-07 1.165154372497894982e-05 -1.340314409230428463e-04 2.460081886475533417e-04 -3.030799056215252569e-05 -3.992297637141384206e-05 1.276189836910811704e-05 1.672978294743136640e+00 -1.431179419482369285e-03 -3.629777130569033616e+00 7.293570815571794874e+00 1.343299785673801074e-02 -4.162157229169426154e-02 -3.774087887918191053e-01 -3.986832620578423247e-01 2.860349682893787993e+00 -2.344603610347965716e+00 -8.728585978811500112e+00 -9.462037017814892703e-01 -6.100958415851231157e-05 -3.660084513580678608e-04 -1.172208939228291382e-03 -1.361168892114722863e-03 2.661391115606279254e-03 -6.685243720462150444e-03 -3.118536170036833314e-05 5.771328656920188529e-06 -2.354944121976826303e-06 5.068863354945598490e-06 -2.849229731845151996e-05 -1.875205541915055465e-02 4.806831824057188063e-03 3.030449060850712789e-05 2.517419186646510518e-05 -8.577697919039781898e-05 2.629496621079531127e-05 1.860040504891182200e-05
-3.388700719248116059e-04 4.393690951277714920e-04 5.935726605410019461e-06 -2.252031143680943968e-06 -1.318766681812585690e-05 1.065678871225192545e-04 4.131972447587887250e-04 -7.320889558253882812e-05 1.061826831100215186e-04 1.742368154958400023e-07 2.761457858377465158e-01 2.119434389817885338e-03 -3.061434136619196889e-02 1.343299785673801074e-02 3.478207843328838589e+00 4.117419299598626403e-01 5.778064440936044738e-02 -7.093738912323659107e-02 -8.592654070584211823e+00 7.977407445993994983e+00 2.161145201457209009e+00 -1.302855806151953066e+00 -3.143115620666712615e-04 2.893212150493423645e-04 -5.843615930546058965e-04 -2.190133295040677739e-04 1.297081980475428987e-03 8.131733014786609801e-03 -2.095924040053686729e-06 -8.755797853925473102e-06 1.383084642900074154e-05 1.363051408229025683e-06 -1.634445655767627600e-05 3.096182843779553447e-03 2.457687675752701084e-02 3.877890575247859432e-05 9.649867934220217206e-06 3.425291978196387348e-05 -1.524355722364116708e-05 4.617198082865667220e-05
-4.000754641739413158e-05 1.639982724758641617e-04 2.989544914728752594e-05 4.337459930600797605e-06 1.269717378063897151e-05 6.437365469444980516e-05 -3.736417285481285328e-04 -3.309368239229242893e-05 -1.027966716354940295e-04 -2.577690269475144897e-05 -5.728723191263800085e-02 3.422259588639494331e-03 6.796362437130624989e-02 -4.162157229169426154e-02 4.117419299598626403e-01 3.391608334448300788e+00 2.498817658352518123e+00 2.349553809270616966e+00 6.258226916540450269e+00 -1.321639249070720545e+01 4.430352292067462727e+00 -1.096112109946059343e+00 3.834734070987565397e-05 -6.522688555898244764e-04 2.040910264835268191e-04 1.038016619370989728e-05 -4.655170194109658176e-04 9.120322135499474639e-03 -2.226096667310898487e-05 1.402473587393177156e-05 -2.246373808641096773e-05 7.043925502618750778e-06 -2.899695844467323446e-05 8.432096794371450599e-03 1.072461338806318144e-02 9.091732867247221205e-07 -1.657516697411681768e-05 6.754264752054172738e-05 -9.869694767478088158e-06 3.470518836452202632e-05
-2.142589608111842973e-04 5.876814128107497761e-05 9.909937267092610897e-05 1.787357247234759559e-05 5.220277372819361538e-05 -5.507244243912140829e-07 -7.111929374073616987e-05 -7.904391956188788011e-05 -2.144495273833806859e-05 2.669773260921232496e-04 -1.958630304260761790e+01 1.502784919804657678e-02 4.648865412561052346e-01 -3.774087887918191053e-01 5.778064440936044738e-02 2.498817658352518123e+00 1.881872503637873706e+01 3.233005870210587318e+01 2.050440273991669837e+00 4.040797003962023126e+01 -5.403033037393534954e+01 8.077711710278547841e-01 -1.674637763101565965e-03 -1.208316238765275641e-03 5.680178532348543856e-04 -1.604406157803180090e-03 -1.212778419441460373e-03 1.105327429166300807e-02 2.754279997177137000e-05 -2.730415105522691530e-05 1.652916397913271901e-05 -9.408289031084641362e-06 1.994292929925983474e-05 4.147792836418989770e-02 1.987817143608286083e-02 2.637457081090605808e-05 1.379173868757384638e-04 1.479615641985231348e-04 2.821377526523486819e-05 4.188454885489802749e-05
9.669694812535862757e-04 -3.847443221952593110e-04 6.456691611369163924e-05 2.141114308837324453e-05 2.295602563257620254e-05 -2.142205857038129158e-04 -1.308083438605820966e-04 6.471271788021194316e-04 1.002252772771127794e-04 5.904732331255601934e-04 -6.047447710750575567e+01 1.006656734418529686e-04 4.455309036884501639e-01 -3.986832620578423247e-01 -7.093738912323659107e-02 2.349553809270616966e+00 3.233005870210587318e+01 8.528365989349971699e+01 -1.013449734651336698e+01 5.621096620397087662e+01 -4.029087186778757967e+01 -2.454224854564080260e+01 -3.896185466560727478e-03 -2.878656982989072355e-03 -6.378816792299855975e-04 -4.506730432367775721e-03 -3.367973534699672360e-03 1.124986100038757528e-02 5.867310647853106242e-05 -3.963365660840157306e-05 4.272507508904934646e-05 -9.155272369411402493e-06 5.831618292323449085e-05 2.561252474512147950e-02 2.323769179538024907e-02 1.235764900257673566e-04 3.226953428008986829e-04 3.720229660911745172e-04 6.065860813292897071e-05 1.582384763883785592e-04
-5.617744914839643833e-02 -2.142822039048773025e-02 7.282579335908944719e-03 4.630171239124813791e-04 5.442631919865013879e-03 -1.195803172166932070e-02 6.174732452619961960e-03 -5.824809816332513109e-03 3.339953570402334846e-03 7.226157498234032570e-04 4.533023687849341599e+01 -7.303463820988824462e-02 -6.163231306808298449e+00 2.860349682893787993e+00 -8.592654070584211823e+00 6.258226916540450269e+00 2.050440273991669837e+00 -1.013449734651336698e+01 1.260555492882715589e+04 8.552462994249618760e+02 -1.662816216712547401e+01 -6.021548840795365720e+01 6.085720233763680653e-02 1.851481962647990101e-02 1.783332698730507870e-01 -2.223446397084261408e-02 -7.949328333005933889e-02 -3.030281699220535932e-02 5.465407106951122255e-04 -7.650217275400898655e-04 1.933675881060250949e-04 -6.413164981619705069e-04 2.769309000862971550e-04 1.892133037420188124e+00 -1.520430910114612288e+00 -1.506607950632988862e-03 -3.632379148149107056e-04 -2.100865175230891800e-03 1.135027854341937297e-04 9.011057603400661085e-04
-3.228013664066223948e-02 -6.553418961637773842e-03 1.204759673574587291e-03 8.557293078662691862e-05 2.054819196230333895e-03 -7.692614548681485191e-03 5.552114814120726050e-03 -3.161245102089686558e-03 -3.455855122994434380e-03 -9.204287664551179509e-04 -1.743172421032771524e+02 1.218145439021353083e-01 4.806984760559638303e-01 -2.344603610347965716e+00 7.977407445993994983e+00 -1.321639249070720545e+01 4.040797003962023126e+01 5.621096620397087662e+01 8.552462994249618760e+02 1.267091615689146420e+04 1.366576673473577785e+03 -3.597363219879852636e+02 3.279567139863631686e-02 3.790668440259593874e-02 -6.217940118642018704e-02 2.650072382066330154e-02 -7.588247408379596159e-02 1.437215444120402974e-01 -2.283943112519198904e-04 -6.795205256889929593e-04 2.157845081181805017e-03 -6.809526754010495090e-04 -1.263375110138808839e-03 3.545137992887192335e-01 3.096286529379801866e+00 2.411062754950227607e-03 -3.260281570325072615e-03 -5.644682554464621610e-03 -3.058756293511772327e-04 -8.518484016466707767e-04
1.392174503724554185e-03 1.663134224424695547e-03 1.218231326938107404e-03 4.560898628788293864e-04 9.463478494669327196e-04 -7.473275044027410767e-03 -1.351116440607717491e-03 1.460372350927978012e-03 -6.081403168681432303e-04 1.789366888405045193e-03 7.874504783861910937e+02 7.123479654794956373e-01 1.061985075784109966e+01 -8.728585978811500112e+00 2.161145201457209009e+00 4.430352292067462727e+00 -5.403033037393534954e+01 -4.029087186778757967e+01 -1.662816216712547401e+01 1.366576673473577785e+03 1.195065804564153404e+04 9.130458540042770892e+02 -1.351270873008495084e-02 -2.590231504413276903e-03 -5.448217077900766037e-02 -5.802576477630158776e-03 -1.355573926342225344e-01 -7.485309689811342482e-02 -6.876111531629341316e-04 1.795172624545638828e-04 1.640861875491600843e-03 4.317396939653891084e-04 -8.912483045554280524e-04 8.175939152997384607e-01 2.707796018637978808e+00 8.905414656022061061e-04 -9.779622774573721537e-04 -4.405958566078171826e-04 8.164018015186707894e-04 -8.391024403331827754e-04
7.015762661025225916e-03 4.975151650570810470e-03 1.635897989256691843e-03 3.761422854405589299e-04 2.662099998797810754e-04 2.997299264480947703e-03 -5.620016461396072638e-03 -1.563388046358848375e-03 1.260639019080019116e-04 1.042091768711936534e-04 -6.075064502267322268e+02 -1.294807348803170555e-01 8.299694477037308227e-01 -9.462037017814892703e-01 -1.302855806151953066e+00 -1.096112109946059343e+00 8.077711710278547841e-01 -2.454224854564080260e+01 -6.021548840795365720e+01 -3.597363219879852636e+02 9.130458540042770892e+02 1.301188300762461586e+04 -1.793727413103414145e-02 -2.752204495524174926e-02 2.922743129440784696e-02 -2.565461951570554774e-02 1.092897098373046827e-02 5.309218239414527085e-01 -9.631528597363622855e-04 3.833198300114107511e-04 2.798417050260831071e-04 -1.022270850700895994e-04 4.771259630975560888e-04 -2.664437423332684851e+00 3.302762572597544466e+00 6.907096813068208186e-05 3.790036277386765674e-04 2.429997058973463846e-03 3.410587679000863428e-03 2.402647995727937979e-03
-5.533082909431891468e-07 -1.647683434906895264e-06 -1.525370440425449682e-07 -8.569006839664001583e-08 2.033767234564137341e-07 -5.924376102997972289e-08 -8.147834181898366905e-06 1.685592325871042266e-07 1.504841878500711248e-07 2.274656134949155071e-07 -2.705330228977803446e-03 7.438918365190312870e-05 -4.133955918992343733e-04 -6.100958415851231157e-05 -3.143115620666712615e-04 3.834734070987565397e-05 -1.674637763101565965e-03 -3.896185466560727478e-03 6.085720233763680653e-02 3.279567139863631686e-02 -1.351270873008495084e-02 -1.793727413103414145e-02 1.523348620403678407e-03 2.651689892714910934e-04 1.072554765661501720e-05 -4.387142286116694589e-04 6.850546146328891238e-06 8.282648172677405400e-05 -3.742957681582194126e-07 -1.952207452675804076e-07 1.729190972357645229e-07 3.649996178817352780e-08 -3.331478848542273697e-07 -1.489245589889123540e-04 3.109979314054255685e-05 -1.506407381571048731e-06 2.307463714830399566e-07 -1.227768504103531158e-06 -1.231686469458900576e-06 -1.571420215650311727e-06
1.550877468434790537e-06 -3.908802793586885652e-07 -6.382058818378751803e-07 -1.829336196661498718e-08 -3.208933653111789283e-07 1.048098107551027739e-06 1.054656194519563611e-06 6.353799599277276843e-07 2.580422227430353670e-07 -6.379891005494986501e-08 9.646322432414136542e-04 6.982332241856377843e-06 -2.496408680462590336e-04 -3.660084513580678608e-04 2.893212150493423645e-04 -6.522688555898244764e-04 -1.208316238765275641e-03 -2.878656982989072355e-03 1.851481962647990101e-02 3.790668440259593874e-02 -2.590231504413276903e-03 -2.752204495524174926e-02 2.651689892714910934e-04 9.109573015518204059e-04 -6.990965275171697805e-06 7.217426709401750977e-04 -7.390239627760310171e-06 5.042062768585675017e-05 1.100522644085102293e-07 -1.769245112462113324e-07 2.394887388084746415e-07 -1.319916186315433969e-07 8.590034672176290147e-09 -5.564941967899524316e-04 4.382057793967576872e-04 -6.029792328049990797e-07 6.798428222079766031e-07 -4.821025709705054837e-07 2.038320243186940845e-07 -6.166924109131659239e-08
3.846321770510913236e-06 -4.744173752091432874e-06 6.373101495222761660e-07 9.218074660015568068e-08 2.659968535252030823e-08 2.702751696480339986e-06 -7.823152695112111526e-06 -6.521558299240776298e-07 4.152767823768205235e-07 2.554037347455292468e-07 -3.373363955598182497e-03 9.500359206004073550e-05 4.846460198734459145e-04 -1.172208939228291382e-03 -5.843615930546058965e-04 2.040910264835268191e-04 5.680178532348543856e-04 -6.378816792299855975e-04 1.783332698730507870e-01 -6.217940118642018704e-02 -5.448217077900766037e-02 2.922743129440784696e-02 1.072554765661501720e-05 -6.990965275171697805e-06 8.098915405112381075e-03 4.848876690731517350e-05 -3.076402712105456009e-06 2.674305989663428116e-04 -2.751742927654222757e-07 -5.440496325441387098e-08 8.094809717627536404e-07 -7.521636616359165222e-07 2.714480337617342331e-06 -3.069495020077941038e-04 -1.209930928367986040e-04 9.751736948845047015e-07 -1.462797922105423344e-08 -2.360796179347987525e-06 1.342387813972063692e-06 -7.482005571106372186e-07
-5.104728113054701634e-06 -1.631452567228725533e-06 -1.378583346370211381e-06 -8.216119497234896308e-08 -5.693408637273464459e-07 -3.974045525972902314e-06 1.037045055982887253e-05 2.209939787500164720e-06 1.258947862367573237e-07 -1.453772524930273123e-07 3.939178237853371324e-03 -3.071054740293964323e-05 5.480064833626770030e-04 -1.361168892114722863e-03 -2.190133295040677739e-04 1.038016619370989728e-05 -1.604406157803180090e-03 -4.506730432367775721e-03 -2.223446397084261408e-02 2.650072382066330154e-02 -5.802576477630158776e-03 -2.565461951570554774e-02 -4.387142286116694589e-04 7.217426709401750977e-04 4.848876690731517350e-05 3.276612474649480237e-03 -5.247037449547615139e-05 8.983942208647843113e-05 2.166876216027810867e-07 -4.444907882993781090e-07 4.856701614616474971e-07 -2.794230882451604798e-07 8.245218111248119250e-07 -1.615010209041636705e-03 6.543538920868210680e-04 1.294098985357406821e-07 -1.148631912722029132e-06 1.696413748566166852e-06 1.885758170927728610e-06 1.972215730373619493e-06
7.979868151412628516e-06 1.333234429792555998e-05 1.723713486881059227e-06 4.362815284031256084e-07 4.983263055515213428e-07 -1.229002475263833384e-06 -2.073649498146903000e-05 -7.284611416141669233e-07 -3.878114372641609902e-07 4.179297173664214932e-07 -5.649256976859485732e-03 -4.668363752317459441e-04 -2.915893396589407712e-03 2.661391115606279254e-03 1.297081980475428987e-03 -4.655170194109658176e-04 -1.212778419441460373e-03 -3.367973534699672360e-03 -7.949328333005933889e-02 -7.588247408379596159e-02 -1.355573926342225344e-01 1.092897098373046827e-02 6.850546146328891238e-06 -7.390239627760310171e-06 -3.076402712105456009e-06 -5.247037449547615139e-05 8.059922819783569767e-03 1.404714432459785805e-04 -9.123778500410130748e-07 -5.778228408039012361e-07 -7.370203618269578733e-08 -8.170420491420353920e-07 -7.418145055872002239e-07 -5.910294736280680486e-04 1.064411019251004353e-03 2.920640582205057438e-06 -8.275379215326268503e-07 2.837228593270131599e-07 7.038357847850087884e-07 -1.127395938737739048e-07
1.040768796165699703e-06 1.766323728817828295e-05 -4.712897757118319099e-06 1.620988987108130310e-07 -2.430564109264842854e-06 -8.122353564106524611e-06 -3.544430695636035562e-05 -2.667433122654520305e-06 1.692472654144055747e-06 4.776206006933326423e-07 -5.401915638363892491e-02 1.309414033053898441e-03 4.472621661514212740e-03 -6.685243720462150444e-03 8.131733014786609801e-03 9.120322135499474639e-03 1.105327429166300807e-02 1.124986100038757528e-02 -3.030281699220535932e-02 1.437215444120402974e-01 -7.485309689811342482e-02 5.309218239414527085e-01 8.282648172677405400e-05 5.042062768585675017e-05 2.674305989663428116e-04 8.983942208647843113e-05 1.404714432459785805e-04 2.928603564577840768e-01 7.862448103092091750e-07 -1.083167713524365639e-06 8.945751877083491611e-07 -5.031169552071126080e-06 -3.396282189189319562e-06 -5.647468425012442880e-03 -2.947800433701628850e-03 -1.196531962549756067e-05 9.052565495998792909e-07 3.462671858822253091e-06 6.661111724146254872e-06 1.187535387388626636e-05
3.756488526576158630e-07 -7.118521770328215680e-08 9.954255795943959383e-09 4.498755490239720512e-09 -3.278912555797228682e-08 2.869108991773298398e-07 3.620421613426755148e-06 -1.667813780303756911e-08 7.608417505955933784e-09 -2.063156362028798235e-09 -3.795119592626154594e-05 1.924737872269347714e-06 2.296773701207130189e-05 -3.118536170036833314e-05 -2.095924040053686729e-06 -2.226096667310898487e-05 2.754279997177137000e-05 5.867310647853106242e-05 5.465407106951122255e-04 -2.283943112519198904e-04 -6.876111531629341316e-04 -9.631528597363622855e-04 -3.742957681582194126e-07 1.100522644085102293e-07 -2.751742927654222757e-07 2.166876216027810867e-07 -9.123778500410130748e-07 7.862448103092091750e-07 3.238166805651585543e-06 2.842224482019244749e-07 1.245885700297961111e-07 4.795393831533913701e-08 2.462531836302393083e-08 3.280511995837965725e-05 5.254724415732387214e-05 -9.064958253392992900e-07 5.947826675068798907e-07 4.184309495483532715e-07 1.872453496558422079e-07 -9.043102641488833060e-08
6.657934276398492429e-07 9.730954473862962044e-08 7.695230961251613524e-08 1.500505111357194516e-08 -2.667768905156559155e-08 3.020942997506531489e-07 7.144005467189343150e-07 2.545323458808171209e-08 1.444586591649616291e-08 -1.133862042363584683e-08 -2.988782167374282235e-04 2.339161457228518724e-06 -2.927530361513676615e-06 5.771328656920188529e-06 -8.755797853925473102e-06 1.402473587393177156e-05 -2.730415105522691530e-05 -3.963365660840157306e-05 -7.650217275400898655e-04 -6.795205256889929593e-04 1.795172624545638828e-04 3.833198300114107511e-04 -1.952207452675804076e-07 -1.769245112462113324e-07 -5.440496325441387098e-08 -4.444907882993781090e-07 -5.778228408039012361e-07 -1.083167713524365639e-06 2.842224482019244749e-07 3.214670296418744860e-06 2.011954408209793824e-07 1.304147113223103870e-07 4.057707814345496740e-08 5.451872204705806954e-07 1.329634145698873955e-05 3.895919515068000019e-07 -1.797445342859618039e-06 5.835931541929110716e-07 5.282514492554959981e-07 4.000900870644580186e-07
6.035749911763022288e-07 1.101070646310655408e-07 4.159854365707062581e-09 8.112726345303047665e-09 -6.758188262643083749e-08 3.706867099895502301e-07 -1.143815883318731168e-06 2.644912419825121513e-08 -4.994704064352127269e-10 6.681804340694752845e-09 3.583026899982675213e-06 -4.195132450380387725e-06 -2.324290643755432399e-05 -2.354944121976826303e-06 1.383084642900074154e-05 -2.246373808641096773e-05 1.652916397913271901e-05 4.272507508904934646e-05 1.933675881060250949e-04 2.157845081181805017e-03 1.640861875491600843e-03 2.798417050260831071e-04 1.729190972357645229e-07 2.394887388084746415e-07 8.094809717627536404e-07 4.856701614616474971e-07 -7.370203618269578733e-08 8.945751877083491611e-07 1.245885700297961111e-07 2.011954408209793824e-07 3.345789566673364365e-06 1.782374552011320953e-07 8.511501027192924852e-08 3.456310062329406076e-05 -2.421720162122059940e-05 1.470074835082934263e-07 4.429263146136069518e-07 -1.845733421527022172e-06 6.708764999003935762e-07 7.056869169913794823e-07
-2.058288283455311240e-07 2.749734352020433641e-08 -4.396603871119169961e-09 4.467807877405546528e-09 -5.111809263260581327e-08 -3.577191790609582772e-08 -6.724158081640307583e-07 3.218302869575584078e-08 2.194745211326866832e-09 3.028299858437833610e-09 4.260329859929862760e-04 5.074025632173826253e-06 6.235188722561368114e-06 5.068863354945598490e-06 1.363051408229025683e-06 7.043925502618750778e-06 -9.408289031084641362e-06 -9.155272369411402493e-06 -6.413164981619705069e-04 -6.809526754010495090e-04 4.317396939653891084e-04 -1.022270850700895994e-04 3.649996178817352780e-08 -1.319916186315433969e-07 -7.521636616359165222e-07 -2.794230882451604798e-07 -8.170420491420353920e-07 -5.031169552071126080e-06 4.795393831533913701e-08 1.304147113223103870e-07 1.782374552011320953e-07 3.588017277073269289e-06 8.210360247389006965e-08 -3.055659960372592010e-05 -2.682305651944320260e-05 2.642339342464034140e-08 2.365964417710041912e-07 4.739128790819956491e-07 -1.378788089932002346e-06 6.849586001523710272e-07
-1.014709978241266097e-06 2.140455789919018534e-07 -4.153204993139269402e-08 1.286960722420424949e-09 -2.712561260255516068e-08 -5.225079036161229264e-07 2.703025381107686427e-07 -3.077849279280733963e-09 -1.066285508651676185e-08 1.792418562435988790e-10 -9.711103666210280962e-05 2.852366543854885231e-06 1.385878447933587006e-05 -2.849229731845151996e-05 -1.634445655767627600e-05 -2.899695844467323446e-05 1.994292929925983474e-05 5.831618292323449085e-05 2.769309000862971550e-04 -1.263375110138808839e-03 -8.912483045554280524e-04 4.771259630975560888e-04 -3.331478848542273697e-07 8.590034672176290147e-09 2.714480337617342331e-06 8.245218111248119250e-07 -7.418145055872002239e-07 -3.396282189189319562e-06 2.462531836302393083e-08 4.057707814345496740e-08 8.511501027192924852e-08 8.210360247389006965e-08 3.912277244177807295e-06 2.177340403011100641e-05 3.721752131178522979e-05 3.492790815559980412e-08 1.103134382916995294e-07 2.232642315319852869e-07 3.282798214666994950e-07 -9.101906417646379451e-07
4.875059591587189772e-04 -7.667426260041037504e-05 -3.032349353134563752e-05 -6.063182153532592065e-06 -1.991671336320845027e-05 3.065278661925484207e-04 -1.670902341690971187e-04 2.253547974895881194e-06 9.811707968313910104e-06 -1.808610320362275410e-05 4.502926700552982164e-01 -6.845819102551164775e-04 -4.371107421256543481e-03 -1.875205541915055465e-02 3.096182843779553447e-03 8.432096794371450599e-03 4.147792836418989770e-02 2.561252474512147950e-02 1.892133037420188124e+00 3.545137992887192335e-01 8.175939152997384607e-01 -2.664437423332684851e+00 -1.489245589889123540e-04 -5.564941967899524316e-04 -3.069495020077941038e-04 -1.615010209041636705e-03 -5.910294736280680486e-04 -5.647468425012442880e-03 3.280511995837965725e-05 5.451872204705806954e-07 3.456310062329406076e-05 -3.055659960372592010e-05 2.177340403011100641e-05 8.315123171920063783e+00 5.026779855807389508e-02 -8.742995835188011890e-05 -3.718323630944920816e-05 -6.139262393502827476e-05 -5.692499705918865633e-05 -8.625274005372044004e-05
8.843037585796511820e-05 1.522930678380493195e-04 3.590330920732907129e-05 6.396018705644208184e-06 -1.462401100488572433e-05 1.111718694436255648e-05 7.062995336554440213e-04 4.685914017977282709e-06 1.067030240189304956e-05 -6.988320893996249608e-06 1.971477915783153845e-01 -3.840337525815609027e-03 3.520260587837236582e-02 4.806831824057188063e-03 2.457687675752701084e-02 1.072461338806318144e-02 1.987817143608286083e-02 2.323769179538024907e-02 -1.520430910114612288e+00 3.096286529379801866e+00 2.707796018637978808e+00 3.302762572597544466e+00 3.109979314054255685e-05 4.382057793967576872e-04 -1.209930928367986040e-04 6.543538920868210680e-04 1.064411019251004353e-03 -2.947800433701628850e-03 5.254724415732387214e-05 1.329634145698873955e-05 -2.421720162122059940e-05 -2.682305651944320260e-05 3.721752131178522979e-05 5.026779855807389508e-02 8.334805357911141854e+00 -7.227603098740475085e-05 -1.724058093781749218e-05 3.041697467457025195e-05 2.314623245172896891e-05 1.435683557797683324e-05
4.068975876083722086e-07 -8.639454912014653364e-08 -1.105512369824593054e-08 3.052378717296319889e-09 -3.127526666599959899e-08 2.876298797594218677e-07 4.249540319690903566e-06 1.431805636299651305e-08 4.719001594760756735e-09 9.271123809447296472e-09 -1.157396813852564025e-04 -2.555174359525328100e-06 -2.740263728547533674e-05 3.030449060850712789e-05 3.877890575247859432e-05 9.091732867247221205e-07 2.637457081090605808e-05 1.235764900257673566e-04 -1.506607950632988862e-03 2.411062754950227607e-03 8.905414656022061061e-04 6.907096813068208186e-05 -1.506407381571048731e-06 -6.029792328049990797e-07 9.751736948845047015e-07 1.294098985357406821e-07 2.920640582205057438e-06 -1.196531962549756067e-05 -9.064958253392992900e-07 3.895919515068000019e-07 1.470074835082934263e-07 2.642339342464034140e-08 3.492790815559980412e-08 -8.742995835188011890e-05 -7.227603098740475085e-05 2.360809348456456000e-05 9.855698432987209024e-07 6.767984820375678415e-07 3.162583638978589925e-07 -1.651997388348535923e-07
1.528821576466242298e-06 8.266303205529214364e-07 1.024228474085255431e-07 2.763314025707088469e-08 -1.399857950930902621e-07 7.559888845289701268e-07 1.208193194870913149e-06 -6.133889721291108783e-09 -1.189144699307565599e-09 8.930877834749622406e-09 -1.573303576411911979e-04 3.870575387238760399e-06 1.089831704276820647e-05 2.517419186646510518e-05 9.649867934220217206e-06 -1.657516697411681768e-05 1.379173868757384638e-04 3.226953428008986829e-04 -3.632379148149107056e-04 -3.260281570325072615e-03 -9.779622774573721537e-04 3.790036277386765674e-04 2.307463714830399566e-07 6.798428222079766031e-07 -1.462797922105423344e-08 -1.148631912722029132e-06 -8.275379215326268503e-07 9.052565495998792909e-07 5.947826675068798907e-07 -1.797445342859618039e-06 4.429263146136069518e-07 2.365964417710041912e-07 1.103134382916995294e-07 -3.718323630944920816e-05 -1.724058093781749218e-05 9.855698432987209024e-07 1.966874546987689755e-05 1.667479047649491772e-06 1.588495505215459364e-06 1.225189910120229940e-06
2.814196965963540201e-07 9.354613710988065360e-07 1.134674753037729830e-07 3.726708251692368548e-08 -2.111024284235478642e-07 2.763723015613760238e-07 -3.077897843732485833e-06 4.688884588478668876e-09 -2.785865073397444371e-09 4.632680720030058579e-09 -4.156812662630618850e-04 -3.126223762198952620e-06 4.988115995109340521e-05 -8.577697919039781898e-05 3.425291978196387348e-05 6.754264752054172738e-05 1.479615641985231348e-04 3.720229660911745172e-04 -2.100865175230891800e-03 -5.644682554464621610e-03 -4.405958566078171826e-04 2.429997058973463846e-03 -1.227768504103531158e-06 -4.821025709705054837e-07 -2.360796179347987525e-06 1.696413748566166852e-06 2.837228593270131599e-07 3.462671858822253091e-06 4.184309495483532715e-07 5.835931541929110716e-07 -1.845733421527022172e-06 4.739128790819956491e-07 2.232642315319852869e-07 -6.139262393502827476e-05 3.041697467457025195e-05 6.767984820375678415e-07 1.667479047649491772e-06 1.633576135154064549e-05 3.132043906302565741e-06 3.291195867614143647e-06
