# logA ns theta_MC_100 omegabh2 omegach2 tau omegam_growth A_planck calib_100T calib_217T A_cib_217 xi_sz_cib A_sz ksz_norm gal545_A_100 gal545_A_143 gal545_A_143_217 gal545_A_217 ps_A_100_100 ps_A_143_143 ps_A_143_217 ps_A_217_217 galf_TE_A_100 galf_TE_A_100_143 galf_TE_A_100_217 galf_TE_A_143 galf_TE_A_143_217 galf_TE_A_217 LSST_DZ_S1 LSST_DZ_S2 LSST_DZ_S3 LSST_DZ_S4 LSST_DZ_S5 LSST_A1_1 LSST_A1_2 LSST_DZ_L1 LSST_DZ_L2 LSST_DZ_L3 LSST_DZ_L4 LSST_DZ_L5 LSST_B1_1 LSST_B1_2 LSST_B1_3 LSST_B1_4 LSST_B1_5 LSST_M1 LSST_M2 LSST_M3 LSST_M4 LSST_M5
2.294633108723663506e-04 5.340209284619002036e-05 6.636936618779389311e-06 1.733897524084666819e-06 -6.160916713498661553e-06 9.702998457015027118e-05 -1.080243106708170828e-04 7.828017768226636718e-06 8.557616866666156799e-08 -3.999531287565445060e-08 2.998825498503396650e-03 -7.725240998969900858e-05 -3.293791463343344935e-04 1.034327508806935555e-04 -2.961669631683385394e-04 -2.247964755353549159e-04 -2.208181768373444493e-04 3.699115020385429021e-04 -2.860653914653627297e-02 1.117909140822069027e-02 1.762072955450369460e-02 -1.976328356444733824e-03 -4.352088473425496223e-06 -2.983649147378249963e-06 -8.572231598173485389e-06 2.281126117084802651e-06 -9.043662233398734856e-06 2.097845578837339155e-04 -6.203797435734476527e-08 6.236303777115993911e-07 3.293552227853764775e-07 5.523978386234222468e-08 -1.325013245543671376e-06 3.446441176934292912e-04 -1.708022133733934529e-04 3.282130704047029263e-06 5.989630097968367474e-06 4.797318274028446555e-06 4.242653682647692596e-06 3.184277381767622078e-06 -1.594262808859228393e-04 -1.510660373131781481e-04 -1.556424272627559083e-04 -1.627255334108681129e-04 -1.801981218586878658e-04 5.657988504658808346e-07 1.568489280582007740e-06 1.827004686718876114e-06 -5.745896204598087749e-07 -6.690144232911075471e-06
5.340209284619002036e-05 7.394952674312099694e-05 6.312026903235005642e-06 1.538617029512757131e-06 -2.033187988297906905e-06 5.711376284612630992e-06 -8.842246549825778348e-06 -6.530218330109287754e-07 -1.757411607664699114e-09 7.516700916649326619e-08 -3.586577360406646448e-03 -3.810696029112703675e-05 -3.449379960590389814e-04 4.122500788213389602e-05 2.462246936073138564e-04 1.341719699510249210e-04 6.819781888784266473e-04 8.421899155759349697e-04 -2.264074664189601530e-02 4.396670568381779234e-03 -7.698219399028596692e-03 -5.252061948200608885e-03 -8.389891726905543206e-06 1.177582865927767632e-06 1.216015711228553006e-05 -1.117531646141572109e-05 -4.144493286407694724e-07 1.118402437867663273e-04 -3.062205329237203681e-07 7.904899483091152473e-09 2.742229523023567132e-07 2.912538509298050669e-07 2.474268073063654087e-07 3.154366802033305574e-04 1.816882191633939481e-04 3.563125935465466080e-07 2.239800727819249759e-06 3.183747746862915120e-06 3.076557257081872687e-06 2.577559702766055576e-06 -9.638739144663722742e-05 -7.291515177608096348e-05 -5.791280925498603152e-05 -4.450951777874104920e-05 -3.586006861276504524e-05 -2.111562413115228253e-07 1.145663797655105405e-06 1.606823096880169662e-06 1.851277382363363235e-06 1.980832438157418413e-06
6.636936618779389311e-06 6.312026903235005642e-06 3.683071018768305521e-06 4.651366203993338047e-07 1.086400901289639184e-06 -1.027613232390428243e-06 -8.396313475503186958e-06 -1.513848517249330858e-07 9.106300389585041906e-10 -2.959612295898612897e-09 7.751082429860889789e-04 -6.723005837684988497e-06 -1.502798791102159408e-05 7.491514989422682898e-05 2.873605350200691362e-06 1.310233675386960608e-04 -2.982658449297131818e-05 -2.593363375179895619e-04 1.103725211656674150e-02 8.087992047821611699e-03 5.527688258340556849e-04 -4.435494945762582727e-03 -9.491053709254409275e-07 -1.606065106782713516e-06 -1.312675807383222226e-06 -2.155926873772940377e-06 4.132858285262592962e-06 1.576230210829997108e-05 -2.211879425991393417e-08 4.976903705922751727e-08 6.500965855576428483e-08 4.387196288759124571e-08 -6.333249766553590599e-08 1.884309029665787525e-06 -1.110518776050206529e-06 2.538294445671440242e-07 6.121532923053926629e-07 6.673669892352350878e-07 5.710958437359497447e-07 4.982891243324796976e-07 -2.037374890549402531e-05 -1.732050630050402103e-05 -1.590907206879318682e-05 -1.565895933657403190e-05 -1.541674606946728294e-05 -7.537411410397493583e-08 2.711350911231444141e-07 2.207247809742500785e-07 1.015515584245167730e-07 -3.184303553021488190e-07
1.733897524084666819e-06 1.538617029512757131e-06 4.651366203993338047e-07 1.012360128604684230e-07 1.083943702519464858e-07 1.432696029398027193e-07 -9.847386658257961802e-07 -2.026017762547943709e-08 6.532299541962311356e-09 5.102081417122271883e-10 -1.509379846956164602e-05 -2.180857933288473350e-07 -2.064450533281249576e-06 -1.512093434507886036e-06 -8.936291662044472119e-07 1.388359810794168417e-05 1.752517386539974439e-05 3.239450160023375601e-05 8.352486454318920920e-04 7.839702303230195986e-04 4.305750158350728262e-04 -6.388048936711685118e-04 -4.638035206830685654e-08 -1.940127930539683818e-07 1.060733323028278969e-07 -2.192437595651768845e-07 3.074235445853559097e-07 4.470317645824932749e-06 -1.725308613196178244e-09 1.072741695988408414e-08 1.282061789948031394e-08 1.079274560665312226e-08 -5.448572702309513878e-09 4.389590845168115720e-06 -2.979948684169869112e-06 3.738826218258248587e-08 9.801461892256177520e-08 1.088158342204690639e-07 9.429726792448682084e-08 7.332811172688362544e-08 -3.482562974838571577e-06 -2.980128448461410107e-06 -2.676135000134554997e-06 -2.538275512419647665e-06 -2.477890476014741121e-06 -3.633451615211706908e-09 5.349248363828485901e-08 5.862052783022791687e-08 4.750609459016725350e-08 4.977468725558153957e-10
-6.160916713498661553e-06 -2.033187988297906905e-06 1.086400901289639184e-06 1.083943702519464858e-07 9.020693247417771523e-07 -3.856908859832017940e-06 -3.463881410447976772e-06 -2.856915331514261065e-07 6.065675924752761536e-09 -1.741795478127962939e-09 4.100400103151656300e-04 -1.859430969906847492e-07 1.720250348352638108e-05 3.568598691566744275e-05 -2.470726559205488295e-06 3.731708219421865744e-05 -4.086827802910745664e-05 -1.622683101655725323e-04 6.280306349768854761e-03 3.271495295884354910e-03 1.091317251220642447e-03 -2.631382091513856207e-03 6.106208276054576486e-07 -7.936745380179151536e-07 -8.982738453593055868e-07 -9.411348996575817936e-07 1.979357851753584193e-06 2.154402810930463467e-06 -1.639760942987883266e-08 -4.771051051120451279e-08 -4.297664308616473459e-08 -3.995013157249974459e-08 -4.656321311699441730e-08 -2.003000350781064927e-05 2.781271686714570597e-07 -6.386472214750683436e-09 -3.065894661331602923e-08 -1.115236578842849796e-08 9.909220282389732067e-09 6.191811438905802412e-08 1.669118514842327748e-06 1.860713887420377060e-06 2.021615120650902097e-06 1.750484656413207279e-06 1.835778090329671997e-06 -5.237092911450331682e-08 -9.675183354440884879e-08 -2.703070541429605768e-07 -3.782960890735117065e-07 -5.262064603128439641e-07
9.702998457015027118e-05 5.711376284612630992e-06 -1.027613232390428243e-06 1.432696029398027193e-07 -3.856908859832017940e-06 5.702889293919508897e-05 -3.665031992430899875e-05 -1.053486966543269037e-06 -4.975950067225859386e-08 -3.370658140204774938e-08 1.700240698366477492e-03 -1.171061130943904809e-05 -3.509858726979059258e-05 -1.061120890285579665e-04 -1.422193971516406934e-06 -1.504072529927511230e-04 2.567958680621731785e-04 -8.442959904313116783e-05 -9.681607035339328746e-03 1.333842500982780014e-03 4.945746606609638385e-03 5.449367605631538942e-03 5.915113189511633105e-07 -2.569176391831371115e-07 -2.572410368477416200e-06 5.925857193236192094e-06 -1.178161447366578852e-05 6.058373786498303423e-05 1.407889778181554238e-07 3.994952923173137542e-07 2.122993060378629673e-07 5.306379588857280161e-08 -5.323069745704645816e-07 6.405983373686598180e-05 -8.339070938729113670e-05 1.326159355768265184e-06 2.016179772872146798e-06 1.237784293899491093e-06 9.926228826421587881e-07 4.457440774664158724e-07 -4.550984073722951027e-05 -4.900616106698073472e-05 -5.599922190752482998e-05 -6.238180722117839391e-05 -7.276076642890540907e-05 4.062304983506780047e-07 6.353329271336509882e-07 9.555287439444393806e-07 1.323593665701515138e-07 -2.287533798035906689e-06
-1.080243106708170828e-04 -8.842246549825778348e-06 -8.396313475503186958e-06 -9.847386658257961802e-07 -3.463881410447976772e-06 -3.665031992430899875e-05 3.199070059160996128e-04 -4.029586387229120920e-06 -8.313574580905384168e-08 1.444230380876831577e-07 -7.677927527975665981e-03 8.229645243888240608e-05 1.734975099779208641e-04 -8.393786457299434733e-04 8.662655284517241264e-05 4.759123039055166847e-04 1.544082706980451402e-03 2.484202606119985824e-03 -2.408560057666074908e-02 -2.488017623952327312e-02 -3.094840375443125638e-02 3.978761682102617547e-02 -5.139653648345725491e-06 5.189798902482067088e-06 1.456009135997442526e-05 1.518950177745272301e-05 -7.366922249792677426e-06 -1.885725612377074276e-04 3.228840954583684494e-06 5.876695718266838803e-07 -1.027953601846422531e-06 -1.274995250521832220e-06 1.037176094257364283e-06 -2.765281901792165107e-04 -3.304737302416254746e-05 1.064498113003320125e-06 -2.153503876240132449e-06 -2.475724797763367612e-06 -3.948333266203666671e-06 -5.193215784502738801e-06 3.583094090454960877e-06 -1.780832790277252711e-05 -1.598801610764051715e-05 -3.526404607411957976e-06 1.678893936791405408e-05 3.388893470819275354e-06 6.885799771870651734e-07 -3.463243543659755467e-06 -6.306423318831907029e-06 -3.891095950798177597e-06
7.828017768226636718e-06 -6.530218330109287754e-07 -1.513848517249330858e-07 -2.026017762547943709e-08 -2.856915331514261065e-07 -1.053486966543269037e-06 -4.029586387229120920e-06 6.013107340621167398e-06 -4.098894728009774532e-08 -1.377543075248514017e-08 1.782499026058584216e-03 -9.674014512968090218e-06 1.208424983797699544e-04 -2.374281103278794321e-05 4.029845547121913040e-05 7.126549330756729711e-05 -3.145479989005870109e-04 1.709257043707395989e-04 -1.155480542642952182e-05 6.341950711830256692e-04 5.127216964887514050e-03 -8.347892516164636192e-04 -1.388285414545206401e-07 4.760404666765193017e-07 -2.208980080594729040e-06 -6.170706671490603189e-07 2.591026353085962449e-06 4.713961983082423869e-06 2.022780679305181405e-08 1.992287409569778105e-08 -1.212302595824068554e-08 -3.475695953975041263e-08 -7.631270285642291045e-08 7.971899494631807731e-06 -4.227478821104579167e-05 1.200733849299687581e-07 1.800022996696345213e-07 3.601829095078576658e-08 9.022514086089279200e-10 7.601414898573883990e-09 -2.548798132149593278e-06 -3.038905899680007942e-06 -3.800813218801897505e-06 -4.794175618413339424e-06 -6.098139033113744385e-06 2.313786981968398606e-09 5.130371363775019253e-09 -6.173265540026351812e-10 -1.273160419445176944e-07 -3.489949987623731444e-07
8.557616866666156799e-08 -1.757411607664699114e-09 9.106300389585041906e-10 6.532299541962311356e-09 6.065675924752761536e-09 -4.975950067225859386e-08 -8.313574580905384168e-08 -4.098894728009774532e-08 4.395897270308958410e-07 -9.436484205428322894e-09 -5.354071452737317431e-04 5.582837629829528122e-07 5.454639013106902720e-05 -4.131465097499165579e-05 1.100721083703443408e-04 -1.333209619885888356e-04 -8.351895807196854356e-05 5.566197604593236501e-05 4.806723428160780860e-03 -3.909496963940335690e-03 -1.378953290821041113e-03 -1.939538460265552813e-04 2.329948814989943831e-07 1.840843138518172736e-07 1.386595088551812859e-07 3.849361520270436664e-07 3.313488806614491132e-07 4.495714379578667251e-06 -3.748838776051562116e-09 9.377362644065199535e-10 -1.677939072833793694e-09 6.787196230803746431e-09 6.339654832819832581e-09 -1.297003302648023683e-05 -1.735611688148226316e-06 -6.508129628206208124e-09 6.573570718269032729e-09 -3.226415879374177772e-08 5.940298000406741700e-09 1.965899385556488047e-08 -1.112596369677416089e-07 -3.273064423233941300e-08 -4.182255635744184292e-08 3.303989228292087810e-08 3.028206452037956158e-08 8.293345317265234131e-09 3.799970026703857301e-09 3.409433525897657816e-09 -9.683270785274838082e-10 -5.281335603794808238e-09
-3.999531287565445060e-08 7.516700916649326619e-08 -2.959612295898612897e-09 5.102081417122271883e-10 -1.741795478127962939e-09 -3.370658140204774938e-08 1.444230380876831577e-07 -1.377543075248514017e-08 -9.436484205428322894e-09 4.076441911083391389e-07 4.433656640364389348e-04 1.575918303147362799e-06 6.843083200233298930e-06 -1.595358361832510956e-05 1.414014677938031177e-05 -2.373731387224039987e-05 2.950024827804660957e-04 5.494601418569125973e-04 -5.761103925406749985e-04 -5.061899287493255893e-04 5.863761536319802772e-05 6.875670143220725386e-04 7.042465137662503562e-08 -3.020729898537471864e-08 -3.373577134960625826e-07 -4.572964556124617874e-07 6.179555657362962157e-07 2.652814081407025142e-06 9.208388322023619454e-09 -1.208414930924879542e-09 1.629353664512211441e-09 -6.452601454521392676e-09 -6.116353728323029186e-09 -3.944090684672045835e-06 1.418121446256649564e-05 1.128972892949333662e-08 -8.833035402126517691e-09 2.661535277989828232e-09 -4.377157639402267752e-09 -4.016743044815505704e-08 -2.473743012211632295e-08 -9.038447772018913516e-08 -2.926305438902209270e-09 3.137548151749702823e-08 4.723416681629695182e-08 2.055878390598930174e-08 -1.243772703363258561e-08 -1.368566663476294074e-08 -7.675899145816653654e-09 -1.277912744207576805e-09
2.998825498503396650e-03 -3.586577360406646448e-03 7.751082429860889789e-04 -1.509379846956164602e-05 4.100400103151656300e-04 1.700240698366477492e-03 -7.677927527975665981e-03 1.782499026058584216e-03 -5.354071452737317431e-04 4.433656640364389348e-04 4.585107686923511210e+02 -2.079995797283283321e-01 -3.464336691914073896e-01 5.304965515810934340e-01 -1.486830532970259966e-01 -3.287019090274067579e-01 -2.044195862000794151e+01 -6.461161913479085683e+01 4.947704365431497564e+01 -1.342683521228736936e+02 8.058158789253690202e+02 -5.876725391927980127e+02 -1.484284910528960166e-03 8.360780941450070627e-03 -8.418442705374952831e-03 2.507665385956344209e-02 -6.116373596221064309e-03 7.203661564339079726e-02 -6.881289467764726598e-05 1.379121600678342486e-04 -1.793044858693897548e-04 4.940559639578808013e-05 -1.667645469870452214e-04 -4.039045656411669460e-01 -4.479480956251928325e-01 1.254797765786287234e-04 2.188041989394505667e-04 -2.748152807627568246e-04 -1.563380956303573653e-05 3.402192527053018236e-05 2.231576450202796356e-03 -2.337989788080618945e-03 -2.262016813045731375e-03 -4.449292303721894513e-03 -7.715542576386194562e-03 5.188086584006179310e-04 -7.398496585062595008e-04 -4.214383993148190029e-04 -9.850677253504460003e-04 -9.809106116125884678e-04
-7.725240998969900858e-05 -3.810696029112703675e-05 -6.723005837684988497e-06 -2.180857933288473350e-07 -1.859430969906847492e-07 -1.171061130943904809e-05 8.229645243888240608e-05 -9.674014512968090218e-06 5.582837629829528122e-07 1.575918303147362799e-06 -2.079995797283283321e-01 8.259624106186974624e-02 -8.914888952352003834e-03 1.055931778643707381e-02 -5.613625121527382467e-03 3.952391504295742729e-03 1.509146611089296625e-02 1.431956629392348336e-02 -9.335993490591690258e-02 2.416675129442301395e-01 -4.617621041014587369e-01 -2.828138547743092035e-01 -1.498590302925019049e-05 3.344760451633231688e-05 -2.549578334344624947e-04 -7.716464452122851066e-06 -8.310622115428822844e-05 -1.352592454313325792e-03 5.600702941859908257e-07 -7.834679876799548421e-08 4.133700576772525695e-06 -3.423560105970288254e-06 1.968698354333277453e-06 3.344517913472464313e-03 -3.385539476432885674e-03 -4.312722155786285462e-07 -2.621992191570263868e-06 -8.726809115716447740e-06 -3.240358821890199385e-06 -7.731237703073757785e-06 6.095950786394790775e-05 6.839350844328611104e-05 3.474486165108892058e-06 3.298814446435527662e-05 7.489659242472023815e-05 -1.397999255836202134e-05 -1.285604840204683399e-06 -7.627516940830674480e-06 3.013525239866818155e-06 8.540877508667227313e-06
-3.293791463343344935e-04 -3.449379960590389814e-04 -1.502798791102159408e-05 -2.064450533281249576e-06 1.720250348352638108e-05 -3.509858726979059258e-05 1.734975099779208641e-04 1.208424983797699544e-04 5.454639013106902720e-05 6.843083200233298930e-06 -3.464336691914073896e-01 -8.914888952352003834e-03 4.457890239181026892e+00 -3.509801883652532428e+00 -8.276433719551602730e-02 1.198171991562427957e-01 3.625714773501186872e-01 1.541435155538364299e-01 -4.692091724285430310e+00 -2.711387680859985938e+00 7.812761758612041696e+00 -4.558814222222081547e+00 2.008914369445603983e-03 4.662907393072484056e-05 1.560704857306583198e-04 -1.043619202007803250e-03 2.871720870001902900e-03 4.890336453329388253e-03 -1.035160249747689159e-05 1.610280992971235230e-06 1.578395106113796581e-07 2.667050378999037712e-06 -1.837482495086902691e-05 -5.386342437631216201e-02 1.308672141224501498e-02 1.933175658334373347e-05 -4.804870609381964369e-06 8.170410000531400953e-06 2.111751026118159253e-05 2.373498481632269218e-05 4.734493252443034675e-04 1.432347312203800132e-04 5.529922446355601618e-04 -7.833368101612777821e-05 1.390166862440617374e-04 6.191939442968182896e-05 5.290697758741633644e-05 2.479797914738759662e-05 3.187685149939837318e-05 3.842210104869860961e-05
1.034327508806935555e-04 4.122500788213389602e-05 7.491514989422682898e-05 -1.512093434507886036e-06 3.568598691566744275e-05 -1.061120890285579665e-04 -8.393786457299434733e-04 -2.374281103278794321e-05 -4.131465097499165579e-05 -1.595358361832510956e-05 5.304965515810934340e-01 1.055931778643707381e-02 -3.509801883652532428e+00 7.288500714348979947e+00 9.264412937042323937e-02 -4.749446664631416792e-02 -3.980497596032962493e-01 -5.864969095402586818e-01 1.419487941964645783e+00 -1.660585884828333691e+00 -7.009376075925556115e+00 3.406830813144371639e+00 -1.446707277967425537e-03 -2.263820285936581100e-04 4.863878732461654995e-03 1.223147981116069847e-03 2.203451107152516828e-03 -9.838809302873507967e-03 5.369414229118931523e-06 -1.960178186373589550e-06 -8.474171100261682245e-06 2.729096696295851382e-06 -2.986324785696069605e-05 5.413732073925844185e-02 -2.821858037559879170e-02 6.941222713755548566e-06 -9.443016218482353302e-06 -1.264083872805621593e-05 5.735537464350127601e-05 -1.605771999196867937e-05 -2.061101982433266653e-04 5.746723668785012960e-05 -5.578077297605779292e-04 4.204434797689878293e-04 -3.589871376491734285e-05 -6.991793641964300077e-05 -7.117442393011367619e-05 2.913487322285879229e-06 -8.145559008634421058e-07 -9.947718802028526416e-05
-2.961669631683385394e-04 2.462246936073138564e-04 2.873605350200691362e-06 -8.936291662044472119e-07 -2.470726559205488295e-06 -1.422193971516406934e-06 8.662655284517241264e-05 4.029845547121913040e-05 1.100721083703443408e-04 1.414014677938031177e-05 -1.486830532970259966e-01 -5.613625121527382467e-03 -8.276433719551602730e-02 9.264412937042323937e-02 3.446534640908016200e+00 3.656050736299624182e-01 6.237211551038627372e-02 -8.494080384788249560e-02 -1.112797530853270267e+01 2.766927894060784432e+00 2.933181631608589579e-01 6.297738655951822251e-01 4.814879432994966939e-05 6.725014971265174052e-04 1.560938075321401672e-04 1.319664054283595104e-03 -2.049595869745683436e-03 -1.037228356015302373e-03 3.773716783989129046e-06 3.255198097395111182e-05 -7.119972033198320164e-06 6.184339340785731693e-06 1.591331161026671897e-05 -5.843574222143761016e-02 -3.869717569230583104e-02 3.251044520124399251e-05 -1.180838909728494616e-05 -1.929885603434101162e-05 6.415511382933306961e-05 2.817799889478071095e-05 2.084919227339690603e-04 6.616142113502036261e-05 2.399082665594374402e-04 6.579422023702344042e-04 5.186006905569698171e-04 -7.006734975030782218e-05 -1.304969642142928160e-05 2.052765688413224119e-05 2.053606697583273836e-05 2.374743923569180566e-05
-2.247964755353549159e-04 1.341719699510249210e-04 1.310233675386960608e-04 1.388359810794168417e-05 3.731708219421865744e-05 -1.504072529927511230e-04 4.759123039055166847e-04 7.126549330756729711e-05 -1.333209619885888356e-04 -2.373731387224039987e-05 -3.287019090274067579e-01 3.952391504295742729e-03 1.198171991562427957e-01 -4.749446664631416792e-02 3.656050736299624182e-01 3.357503643791751369e+00 2.547848886396338663e+00 2.457902011084294625e+00 1.027173317388804641e+01 -9.623746607455451851e+00 4.742154153748296963e+00 -1.209562416120728845e-01 4.617852526691659559e-04 4.015733067111156647e-04 2.992832360039836010e-03 2.626403738861001706e-03 -9.315795292233524033e-04 4.422654703549502332e-03 4.737044349464366721e-06 1.778827410351504197e-05 -4.591872739208983707e-06 2.647410251453143773e-05 9.561831492376684840e-06 3.842923298486145001e-02 -7.595361796100828615e-03 4.194855137893864017e-05 9.291426150178377393e-06 2.667018602517237678e-06 -7.225498662269503985e-06 -3.570839608541432220e-05 -5.530927447874069147e-04 -8.180486787626289327e-04 -3.077766577468557898e-04 -5.053449573755463718e-04 -4.146861756215940295e-04 -4.839165584572696112e-05 -4.360671752174896172e-05 3.378533178306462068e-05 -2.522781148191884920e-05 3.251010832554256552e-05
-2.208181768373444493e-04 6.819781888784266473e-04 -2.982658449297131818e-05 1.752517386539974439e-05 -4.086827802910745664e-05 2.567958680621731785e-04 1.544082706980451402e-03 -3.145479989005870109e-04 -8.351895807196854356e-05 2.950024827804660957e-04 -2.044195862000794151e+01 1.509146611089296625e-02 3.625714773501186872e-01 -3.980497596032962493e-01 6.237211551038627372e-02 2.547848886396338663e+00 1.905265473487490269e+01 3.281900053816370644e+01 3.762677231633327679e+00 5.276848544998626522e+01 -5.776787166359764569e+01 -1.375214412666178720e+00 -4.985352224433888327e-04 4.506182352216874117e-04 1.111611046948355122e-03 -6.428586842435956080e-06 2.831388183531364372e-03 -8.041831829915796828e-03 -3.144898512166295284e-06 1.838400045510044724e-05 3.502643090461332137e-05 9.266136203368127116e-07 3.873889357027941624e-05 1.272526802876254304e-01 6.192048290913809705e-02 3.706728555970664806e-05 9.031980330062489533e-06 1.243690641688622689e-04 2.213857745117700759e-06 -1.339089966410290835e-04 -7.904236920668867130e-04 -4.569177730093896151e-04 8.381842537161897236e-04 -2.394418641238072452e-04 2.535091027439378302e-04 1.281135629715432012e-04 -1.832736980638165951e-05 9.553214521597805614e-05 1.312448075295977483e-04 6.107510522163908055e-05
3.699115020385429021e-04 8.421899155759349697e-04 -2.593363375179895619e-04 3.239450160023375601e-05 -1.622683101655725323e-04 -8.442959904313116783e-05 2.484202606119985824e-03 1.709257043707395989e-04 5.566197604593236501e-05 5.494601418569125973e-04 -6.461161913479085683e+01 1.431956629392348336e-02 1.541435155538364299e-01 -5.864969095402586818e-01 -8.494080384788249560e-02 2.457902011084294625e+00 3.281900053816370644e+01 8.698507068374435391e+01 2.053048159005700590e+00 7.305839532957814697e+01 -4.821564710865741432e+01 -2.814095067050549304e+01 5.131521194794445764e-04 2.118453272243696946e-03 3.530037906683232592e-03 -3.291425212674156664e-03 -3.395182999827723713e-03 -3.536993590790991904e-02 2.352790002131906931e-05 7.726877840699647264e-05 1.070804685294805104e-04 7.088400218987701742e-05 1.506968414602304822e-04 1.802643834698590408e-01 1.206671410289353874e-01 1.051288606493880340e-04 1.433090144757868814e-04 2.472048261761304925e-04 -6.792016583155555966e-05 -8.513806396825114391e-05 -5.420486578576589167e-04 -1.368302511817186999e-03 1.450626464121313646e-03 -4.164580332837095858e-04 8.690930517491610901e-04 3.301386263009270842e-04 8.952061145523844854e-05 2.779664406377792361e-04 2.679571383628809225e-04 2.003522276934342793e-04
-2.860653914653627297e-02 -2.264074664189601530e-02 1.103725211656674150e-02 8.352486454318920920e-04 6.280306349768854761e-03 -9.681607035339328746e-03 -2.408560057666074908e-02 -1.155480542642952182e-05 4.806723428160780860e-03 -5.761103925406749985e-04 4.947704365431497564e+01 -9.335993490591690258e-02 -4.692091724285430310e+00 1.419487941964645783e+00 -1.112797530853270267e+01 1.027173317388804641e+01 3.762677231633327679e+00 2.053048159005700590e+00 1.252570052112290614e+04 7.107736704186146426e+02 2.075813062292689608e+02 4.439051039681682482e+02 4.219145485853253302e-02 3.802408759838298707e-02 -2.051393393920018238e-01 9.774953444920683743e-02 7.571075565000202900e-02 -4.595056679937726263e-01 -1.874110748828982992e-03 1.073265309868594655e-03 -1.940406153937067292e-04 -3.118244957799893159e-04 -1.027802615253375559e-03 -2.269005043430754043e+00 -2.358656668062348583e-01 -5.236036557151916519e-04 -3.404764363055556874e-04 5.369418610791464432e-04 1.500063584534334611e-03 3.176361979410530917e-03 -9.755348001640684608e-03 -1.100779668812753610e-02 -1.259738167850898982e-02 -2.594377997696963034e-02 -1.783847102959153219e-02 1.300162625792948166e-03 1.719618125888626957e-04 7.126733900217534310e-04 2.617151959891679124e-04 5.639883603765544120e-04
1.117909140822069027e-02 4.396670568381779234e-03 8.087992047821611699e-03 7.839702303230195986e-04 3.271495295884354910e-03 1.333842500982780014e-03 -2.488017623952327312e-02 6.341950711830256692e-04 -3.909496963940335690e-03 -5.061899287493255893e-04 -1.342683521228736936e+02 2.416675129442301395e-01 -2.711387680859985938e+00 -1.660585884828333691e+00 2.766927894060784432e+00 -9.623746607455451851e+00 5.276848544998626522e+01 7.305839532957814697e+01 7.107736704186146426e+02 1.275375638087854895e+04 1.413404970065145108e+03 -4.310799585905941740e+02 -1.888800539197879949e-02 -2.987884263284576805e-02 3.293371917935572490e-02 -4.944921922611884846e-02 6.800308774718365201e-02 4.393667852993642930e-01 -1.751149778356561192e-04 4.725454983291001491e-04 2.841299334086488113e-04 8.372884302621529974e-04 -6.461670598529864267e-05 1.547105540819713188e+00 2.639234511458971255e+00 -4.072204151996543556e-04 4.212836526815400516e-04 3.548880713963297254e-03 5.572914255743165353e-03 -5.554530244189727264e-04 -4.584130164727580337e-02 -1.994606771241761584e-02 -2.045232950812951936e-02 -2.198363448746050788e-02 -3.323425324605715908e-02 1.073568562805905617e-03 -9.126060798168964157e-04 -9.795598598961873134e-04 -1.750734071386472355e-03 -3.164332861542917038e-03
1.762072955450369460e-02 -7.698219399028596692e-03 5.527688258340556849e-04 4.305750158350728262e-04 1.091317251220642447e-03 4.945746606609638385e-03 -3.094840375443125638e-02 5.127216964887514050e-03 -1.378953290821041113e-03 5.863761536319802772e-05 8.058158789253690202e+02 -4.617621041014587369e-01 7.812761758612041696e+00 -7.009376075925556115e+00 2.933181631608589579e-01 4.742154153748296963e+00 -5.776787166359764569e+01 -4.821564710865741432e+01 2.075813062292689608e+02 1.413404970065145108e+03 1.186402300537084193e+04 8.828813460075159583e+02 1.814073306553236342e-02 2.389374463845255273e-02 -1.692387292863306233e-02 6.816224055003788918e-02 1.257534687891913999e-02 -5.333103967725739691e-01 -1.014259538511327538e-03 -6.347204391819450103e-04 -3.905270423802620025e-04 2.564969816685101984e-04 1.153770510127441083e-04 -1.291852531762931244e+00 1.055776781777232998e+00 -1.725718548699425089e-03 3.949049456663331764e-04 -2.328132124935393746e-03 5.111547865947274963e-04 2.066754898170271738e-03 -4.424136225002687876e-03 -1.250082159908802622e-02 -1.977833343695442787e-03 -2.927345415897348278e-03 -8.996233688912598156e-03 4.125689225013658081e-04 -3.378869072267562650e-03 -5.668448053380060764e-04 -6.402918942071619997e-03 -4.637368134252365520e-03
-1.976328356444733824e-03 -5.252061948200608885e-03 -4.435494945762582727e-03 -6.388048936711685118e-04 -2.631382091513856207e-03 5.449367605631538942e-03 3.978761682102617547e-02 -8.347892516164636192e-04 -1.939538460265552813e-04 6.875670143220725386e-04 -5.876725391927980127e+02 -2.828138547743092035e-01 -4.558814222222081547e+00 3.406830813144371639e+00 6.297738655951822251e-01 -1.209562416120728845e-01 -1.375214412666178720e+00 -2.814095067050549304e+01 4.439051039681682482e+02 -4.310799585905941740e+02 8.828813460075159583e+02 1.309614392896880781e+04 7.894396667607042617e-02 -1.109319220861496036e-02 -6.524090065719599164e-05 -2.196291180887521288e-01 -1.602673319745418212e-01 -5.882964870485531961e-01 1.423294890422512494e-03 -3.888340939759600003e-04 -1.013007408931351468e-03 -9.761354418178798528e-04 8.288056120944322725e-04 -1.477823175001502065e+00 2.120264520723169621e+00 -1.929801897860496758e-03 -3.541682265695122143e-03 -3.371888431883226633e-03 -1.761134845287617599e-03 -3.025727851662533331e-04 5.119292493546233509e-03 3.578650485228798608e-03 5.489737585687186859e-03 -6.156790843972407244e-03 -2.678337851257178714e-03 -1.423614582260350524e-03 -3.094890376348954485e-04 5.884933212026967342e-03 1.363213866659524149e-03 5.063616100461097724e-03
-4.352088473425496223e-06 -8.389891726905543206e-06 -9.491053709254409275e-07 -4.638035206830685654e-08 6.106208276054576486e-07 5.915113189511633105e-07 -5.139653648345725491e-06 -1.388285414545206401e-07 2.329948814989943831e-07 7.042465137662503562e-08 -1.484284910528960166e-03 -1.498590302925019049e-05 2.008914369445603983e-03 -1.446707277967425537e-03 4.814879432994966939e-05 4.617852526691659559e-04 -4.985352224433888327e-04 5.131521194794445764e-04 4.219145485853253302e-02 -1.888800539197879949e-02 1.814073306553236342e-02 7.894396667607042617e-02 1.487428667334574593e-03 2.640308247761105316e-04 1.526027951810049522e-05 -4.104827698270124576e-04 -6.117275689186380363e-05 3.483934510879490676e-04 -1.838477038996311001e-07 -3.375558891611135310e-07 -1.752048437538356781e-08 -2.142476328375226092e-07 -5.769825848251815872e-07 3.943519847069852560e-04 -1.717891013085272864e-04 2.252103304537568690e-07 -1.338570228948348234e-06 -4.725641422229479469e-07 -1.743293661459110579e-06 -1.921283067068051703e-06 1.463324224048965773e-05 7.976096443649645975e-06 4.784933133519347600e-06 8.558095634954569181e-06 4.292149083592977503e-06 5.408561918119159015e-07 1.137067453641424437e-07 -1.501266602463009495e-06 -1.930338028704462750e-06 -1.902211992328196955e-06
-2.983649147378249963e-06 1.177582865927767632e-06 -1.606065106782713516e-06 -1.940127930539683818e-07 -7.936745380179151536e-07 -2.569176391831371115e-07 5.189798902482067088e-06 4.760404666765193017e-07 1.840843138518172736e-07 -3.020729898537471864e-08 8.360780941450070627e-03 3.344760451633231688e-05 4.662907393072484056e-05 -2.263820285936581100e-04 6.725014971265174052e-04 4.015733067111156647e-04 4.506182352216874117e-04 2.118453272243696946e-03 3.802408759838298707e-02 -2.987884263284576805e-02 2.389374463845255273e-02 -1.109319220861496036e-02 2.640308247761105316e-04 9.052258210757673342e-04 1.072310923619207311e-05 7.295072308000650476e-04 -1.623343882823249541e-05 2.475901412242304499e-04 -3.369183073488703469e-07 2.081479015916771342e-07 -1.169269130990260139e-07 7.401801633601547533e-09 -2.511387678797712454e-08 2.337239527132748871e-04 5.356394212877083581e-04 -3.307809158171685542e-09 -1.787144633550539677e-06 2.075775558851534348e-07 -5.257705297507711887e-07 -6.696850459147988475e-07 7.856227903722265367e-06 2.376643222499018999e-06 5.124939695905244807e-06 6.450856503847728165e-06 7.282650727156760650e-06 -2.200027466469891958e-06 -6.449342243511686518e-07 8.322607516145524601e-07 6.018377800804232786e-07 1.043373376327687635e-06
-8.572231598173485389e-06 1.216015711228553006e-05 -1.312675807383222226e-06 1.060733323028278969e-07 -8.982738453593055868e-07 -2.572410368477416200e-06 1.456009135997442526e-05 -2.208980080594729040e-06 1.386595088551812859e-07 -3.373577134960625826e-07 -8.418442705374952831e-03 -2.549578334344624947e-04 1.560704857306583198e-04 4.863878732461654995e-03 1.560938075321401672e-04 2.992832360039836010e-03 1.111611046948355122e-03 3.530037906683232592e-03 -2.051393393920018238e-01 3.293371917935572490e-02 -1.692387292863306233e-02 -6.524090065719599164e-05 1.526027951810049522e-05 1.072310923619207311e-05 7.974967285043377263e-03 -1.884899254794030783e-05 2.490783389417251871e-05 5.686274984707489870e-04 1.504721144299157106e-08 -6.695454472005586725e-07 1.038702475366300756e-06 1.344427313099020133e-06 3.149036239121921289e-07 1.501297071130889118e-03 7.220907205602151123e-04 8.338862769887682958e-07 -1.748063820814740330e-06 -1.384163131626144969e-06 -1.809332259559669613e-07 -2.688266077462371814e-06 8.012128759850013388e-06 -1.234976813086313517e-05 1.140646561833335784e-05 5.950572707222145011e-06 9.443180403618121259e-06 -2.113081743163667772e-08 1.758795417601774555e-06 -1.880211263164877400e-06 9.844041346560895008e-07 3.038975974921758961e-06
2.281126117084802651e-06 -1.117531646141572109e-05 -2.155926873772940377e-06 -2.192437595651768845e-07 -9.411348996575817936e-07 5.925857193236192094e-06 1.518950177745272301e-05 -6.170706671490603189e-07 3.849361520270436664e-07 -4.572964556124617874e-07 2.507665385956344209e-02 -7.716464452122851066e-06 -1.043619202007803250e-03 1.223147981116069847e-03 1.319664054283595104e-03 2.626403738861001706e-03 -6.428586842435956080e-06 -3.291425212674156664e-03 9.774953444920683743e-02 -4.944921922611884846e-02 6.816224055003788918e-02 -2.196291180887521288e-01 -4.104827698270124576e-04 7.295072308000650476e-04 -1.884899254794030783e-05 3.190789163187990329e-03 3.559849193417706074e-06 -4.396554874139465294e-05 4.972326057040802418e-07 9.298363134218597693e-07 5.931887703149467731e-07 -5.186344289133526107e-07 8.674294999994792255e-08 -3.947018376382815594e-04 9.647049909883916464e-04 7.553306763920541677e-07 -2.237425592610289822e-06 9.683837484785179593e-07 -1.359482558490740300e-06 -4.192019673955268357e-07 1.202172112321383696e-05 -8.746010285988819200e-06 7.816531090752980478e-06 -1.609284741065460499e-05 -1.035219858467748206e-05 -4.217100929528862932e-06 -2.583093429648913716e-07 -2.111445314257255043e-07 1.610056579393203054e-06 -3.531808752566482709e-07
-9.043662233398734856e-06 -4.144493286407694724e-07 4.132858285262592962e-06 3.074235445853559097e-07 1.979357851753584193e-06 -1.178161447366578852e-05 -7.366922249792677426e-06 2.591026353085962449e-06 3.313488806614491132e-07 6.179555657362962157e-07 -6.116373596221064309e-03 -8.310622115428822844e-05 2.871720870001902900e-03 2.203451107152516828e-03 -2.049595869745683436e-03 -9.315795292233524033e-04 2.831388183531364372e-03 -3.395182999827723713e-03 7.571075565000202900e-02 6.800308774718365201e-02 1.257534687891913999e-02 -1.602673319745418212e-01 -6.117275689186380363e-05 -1.623343882823249541e-05 2.490783389417251871e-05 3.559849193417706074e-06 7.907979872280953074e-03 5.616607902387320489e-04 -1.847277000486071794e-07 -1.900853186521633906e-06 7.943035958040448373e-07 7.198721990605512450e-07 8.818909675633535977e-08 -5.992932466345043604e-04 -2.756184736812880304e-04 -2.676939880534760251e-06 -1.915645685840028774e-06 1.119074832253837966e-06 2.120500056744138410e-06 -3.179647669279344937e-07 -6.522157999885375375e-06 -9.851114548550132070e-06 1.002463613541745513e-05 -6.593372567248906944e-06 -1.714680672399490608e-05 -4.372045044489857099e-06 1.767725116342757685e-06 -2.186140034682012166e-06 -2.203493011729905983e-06 -1.583833008327013025e-06
2.097845578837339155e-04 1.118402437867663273e-04 1.576230210829997108e-05 4.470317645824932749e-06 2.154402810930463467e-06 6.058373786498303423e-05 -1.885725612377074276e-04 4.713961983082423869e-06 4.495714379578667251e-06 2.652814081407025142e-06 7.203661564339079726e-02 -1.352592454313325792e-03 4.890336453329388253e-03 -9.838809302873507967e-03 -1.037228356015302373e-03 4.422654703549502332e-03 -8.041831829915796828e-03 -3.536993590790991904e-02 -4.595056679937726263e-01 4.393667852993642930e-01 -5.333103967725739691e-01 -5.882964870485531961e-01 3.483934510879490676e-04 2.475901412242304499e-04 5.686274984707489870e-04 -4.396554874139465294e-05 5.616607902387320489e-04 2.893835268896997048e-01 1.393772718667278188e-06 -7.076659796811415002e-06 -8.117497744553739389e-06 -9.128412267979535427e-06 -3.538971176864640607e-06 5.172412974646520105e-03 -9.922551597888577130e-03 3.575359563411680099e-06 1.668823779471219826e-05 1.479887016578104566e-05 3.260372008434324706e-05 -1.633247705115606729e-05 -1.134688495292134606e-04 -1.178631429875748711e-04 -9.062476685358306701e-05 -3.288132071586927311e-05 -1.866377259861039381e-04 6.922654060657628357e-06 1.065902385263843208e-05 -3.627226364639166510e-06 -1.248089063703930575e-05 -8.459758965982302410e-06
-6.203797435734476527e-08 -3.062205329237203681e-07 -2.211879425991393417e-08 -1.725308613196178244e-09 -1.639760942987883266e-08 1.407889778181554238e-07 3.228840954583684494e-06 2.022780679305181405e-08 -3.748838776051562116e-09 9.208388322023619454e-09 -6.881289467764726598e-05 5.600702941859908257e-07 -1.035160249747689159e-05 5.369414229118931523e-06 3.773716783989129046e-06 4.737044349464366721e-06 -3.144898512166295284e-06 2.352790002131906931e-05 -1.874110748828982992e-03 -1.751149778356561192e-04 -1.014259538511327538e-03 1.423294890422512494e-03 -1.838477038996311001e-07 -3.369183073488703469e-07 1.504721144299157106e-08 4.972326057040802418e-07 -1.847277000486071794e-07 1.393772718667278188e-06 3.170022642628629639e-06 2.266111616722254558e-07 1.005581798564079281e-07 4.228433717025377613e-08 -2.502374435250538864e-09 -6.889330678503469556e-06 -5.899229785847930100e-07 5.941812148655008073e-07 3.105476765345416069e-07 1.294878587362068013e-07 4.737496283788353575e-08 9.807842660428088897e-10 -1.684884930173027788e-06 -1.838236592267916522e-06 -1.229717534847925221e-06 -1.355973786814225886e-06 -1.078987944151918385e-06 -1.057415505981395509e-06 6.124431858739877687e-07 3.712377238353343963e-07 1.851494729265470045e-07 -7.104289279078817444e-08
6.236303777115993911e-07 7.904899483091152473e-09 4.976903705922751727e-08 1.072741695988408414e-08 -4.771051051120451279e-08 3.994952923173137542e-07 5.876695718266838803e-07 1.992287409569778105e-08 9.377362644065199535e-10 -1.208414930924879542e-09 1.379121600678342486e-04 -7.834679876799548421e-08 1.610280992971235230e-06 -1.960178186373589550e-06 3.255198097395111182e-05 1.778827410351504197e-05 1.838400045510044724e-05 7.726877840699647264e-05 1.073265309868594655e-03 4.725454983291001491e-04 -6.347204391819450103e-04 -3.888340939759600003e-04 -3.375558891611135310e-07 2.081479015916771342e-07 -6.695454472005586725e-07 9.298363134218597693e-07 -1.900853186521633906e-06 -7.076659796811415002e-06 2.266111616722254558e-07 3.052899990161608160e-06 1.727166607951053623e-07 1.158041598721163625e-07 4.299477419585701595e-08 3.266253730443502770e-05 -1.857744646792810957e-06 3.977360114827987171e-07 4.434116687074240111e-07 2.555104318518384478e-07 1.689312614258571296e-07 7.259168089861579429e-08 2.489943039961442038e-07 -1.256233640598201126e-06 -1.747571807324497595e-06 -1.259962958915100618e-06 -1.295477623523859554e-06 2.994813752673017247e-07 -1.744908993925592420e-06 6.140357175181769972e-07 6.117900355575037143e-07 5.086258398362472692e-07
