# logA ns H0 omegab omegam LSST_DZ_S1 LSST_DZ_S2 LSST_DZ_S3 LSST_DZ_S4 LSST_DZ_S5 LSST_A1_1 LSST_A1_2 LSST_M1 LSST_M2 LSST_M3 LSST_M4 LSST_M5
4.608436928378288784e-03 3.275020825201984884e-04 -9.786631205827317492e-02 -7.806230093498672720e-05 -2.787495650354549046e-04 4.186704814465819808e-06 1.107736043061008210e-05 1.119824953093891451e-05 -3.319700657581723919e-06 -9.744910314564798613e-06 2.147943499772106326e-03 -1.486617246757072431e-03 7.514890024485350787e-06 8.466703336188985759e-06 6.678486322221139578e-07 -3.226573162631379631e-06 -5.499645413535026969e-05
3.275020825201984884e-04 9.927999848684585351e-05 -1.078201143824647663e-02 -7.193766859346511659e-06 -1.517964601914189291e-05 -6.540844564621524609e-07 1.763107210971955385e-07 1.513136517607818905e-07 -8.120084063968195747e-08 -1.353754854672691055e-07 1.972837517184959102e-04 -1.369843639062812146e-03 -1.032688787476096850e-06 -7.196382828118695579e-07 9.478796157194838884e-07 2.500607086301488580e-06 4.657730051972192393e-06
-9.786631205827317492e-02 -1.078201143824647663e-02 8.951860875227069414e+00 1.227844487026683723e-02 -7.044993182021877000e-03 -7.493140302261192443e-05 6.430848051778536017e-05 6.733015138403767794e-05 3.870101998606723060e-04 2.803738672378366047e-04 1.299390619564440852e-01 -1.783183686413975511e-01 -2.113521439890777057e-04 3.241901939024629045e-04 5.387831144270623703e-04 4.902955751894695749e-05 5.663609425240725476e-05
-7.806230093498672720e-05 -7.193766859346511659e-06 1.227844487026683723e-02 2.200601140384382084e-05 -9.121231124633774455e-06 -4.589103907661449369e-08 3.283078452091833867e-07 2.901321776694319762e-07 6.336601299113507686e-07 3.834340179488645184e-07 2.989758592633266049e-04 -3.479126690069295246e-04 -2.420516947351194380e-07 1.911545790698468413e-07 6.069412913149233874e-07 1.228679740810205779e-07 1.450056373200615916e-07
-2.787495650354549046e-04 -1.517964601914189291e-05 -7.044993182021877000e-03 -9.121231124633774455e-06 5.247480679078200848e-05 -4.748631416487472497e-08 -1.252102882702296954e-06 -1.306616620603421458e-06 -5.673599827335545210e-07 4.174160713386869476e-07 -2.816067131281875784e-04 4.693848417980821318e-04 1.211381466821319670e-08 -2.188494864385830171e-06 -2.389900603568742334e-06 -1.151343247555115917e-06 3.894919238000120577e-06
4.186704814465819808e-06 -6.540844564621524609e-07 -7.493140302261192443e-05 -4.589103907661449369e-08 -4.748631416487472497e-08 3.246705786016314914e-06 1.928213228401193386e-07 2.484028503048761581e-07 1.508634207954186841e-07 -2.510611558613495366e-09 5.188380380315381595e-05 2.130064039469163080e-05 -6.798600880739844131e-07 5.469362121053925736e-07 2.661350912547410889e-07 1.529854602130783285e-07 -1.809242341873762225e-07
1.107736043061008210e-05 1.763107210971954856e-07 6.430848051778538727e-05 3.283078452091833867e-07 -1.252102882702296954e-06 1.928213228401193386e-07 3.199317870232612439e-06 1.530317283189519862e-07 2.561171383649218982e-07 6.264256888968867459e-08 -2.889008794573107367e-05 -2.585350942686724619e-04 3.396114039445460955e-07 -1.593375316351054811e-06 6.043628906346910466e-07 5.740754662030023316e-07 3.756004263068003745e-07
1.119824953093891451e-05 1.513136517607818905e-07 6.733015138403767794e-05 2.901321776694319762e-07 -1.306616620603421458e-06 2.484028503048761581e-07 1.530317283189519862e-07 3.417862683231694189e-06 4.233494512929379633e-08 1.942677491809484579e-08 -1.054745084815810190e-04 -2.471484156783981009e-04 2.572753308673665408e-07 4.294076526438378804e-07 -1.618011356976208982e-06 6.191243629015769939e-07 4.401383574948388099e-07
-3.319700657581723919e-06 -8.120084063968195747e-08 3.870101998606723060e-04 6.336601299113507686e-07 -5.673599827335545210e-07 1.508634207954186841e-07 2.561171383649218982e-07 4.233494512929379633e-08 3.570824493295091868e-06 5.522043524074461467e-08 -1.782676669407166491e-04 3.911643495028505405e-05 -6.117041827601594825e-08 1.194509144460471838e-08 6.031185912671657201e-07 -1.254286883297341770e-06 8.515665690613483626e-07
-9.744910314564798613e-06 -1.353754854672691585e-07 2.803738672378366047e-04 3.834340179488645184e-07 4.174160713386869476e-07 -2.510611558613495366e-09 6.264256888968867459e-08 1.942677491809484579e-08 5.522043524074461467e-08 3.933665077806153841e-06 -4.499337494354087677e-05 7.618315749353721288e-05 -1.385085219941384786e-07 2.461222182504827322e-08 1.907896758368130601e-07 3.317969546453331820e-07 -6.922507359323185118e-07
2.147943499772106326e-03 1.972837517184959102e-04 1.299390619564441129e-01 2.989758592633266049e-04 -2.816067131281875784e-04 5.188380380315381595e-05 -2.889008794573107367e-05 -1.054745084815810190e-04 -1.782676669407166220e-04 -4.499337494354087677e-05 8.385046992930567100e+00 -7.935787633489971293e-02 2.439480415148606235e-05 8.791861023629940659e-05 3.009702070237784438e-06 4.885590409422245278e-05 -2.209929958378396137e-04
-1.486617246757072431e-03 -1.369843639062812146e-03 -1.783183686413975511e-01 -3.479126690069295246e-04 4.693848417980821318e-04 2.130064039469163080e-05 -2.585350942686724619e-04 -2.471484156783981009e-04 3.911643495028508115e-05 7.618315749353723998e-05 -7.935787633489971293e-02 8.357095399117866918e+00 -1.056681121855562467e-04 1.917878195116063745e-04 2.094297304956673910e-04 4.464584625437342444e-05 2.407825821767430247e-05
7.514890024485350787e-06 -1.032688787476096850e-06 -2.113521439890777057e-04 -2.420516947351194380e-07 1.211381466821319670e-08 -6.798600880739844131e-07 3.396114039445460955e-07 2.572753308673665408e-07 -6.117041827601594825e-08 -1.385085219941384786e-07 2.439480415148606235e-05 -1.056681121855562467e-04 2.364852318638441137e-05 1.150999144168711958e-06 4.077668841985565704e-07 3.063900906131981085e-07 -4.457729076471090421e-07
8.466703336188985759e-06 -7.196382828118695579e-07 3.241901939024629045e-04 1.911545790698468413e-07 -2.188494864385830171e-06 5.469362121053925736e-07 -1.593375316351054811e-06 4.294076526438378804e-07 1.194509144460471342e-08 2.461222182504826660e-08 8.791861023629940659e-05 1.917878195116063745e-04 1.150999144168711958e-06 2.053210138551325511e-05 1.489449815148845345e-06 1.571079772701850418e-06 6.239662018268906939e-07
6.678486322221139578e-07 9.478796157194838884e-07 5.387831144270623703e-04 6.069412913149233874e-07 -2.389900603568742334e-06 2.661350912547410889e-07 6.043628906346910466e-07 -1.618011356976208982e-06 6.031185912671657201e-07 1.907896758368130601e-07 3.009702070237784438e-06 2.094297304956673910e-04 4.077668841985565704e-07 1.489449815148845345e-06 1.675258435482964263e-05 2.912118598316834741e-06 3.242985876914698306e-06
-3.226573162631379631e-06 2.500607086301488580e-06 4.902955751894695749e-05 1.228679740810205779e-07 -1.151343247555115917e-06 1.529854602130783285e-07 5.740754662030023316e-07 6.191243629015769939e-07 -1.254286883297341770e-06 3.317969546453331820e-07 4.885590409422245278e-05 4.464584625437341767e-05 3.063900906131981085e-07 1.571079772701850418e-06 2.912118598316834741e-06 1.445619654699759362e-05 5.262879028804363440e-06
-5.499645413535026969e-05 4.657730051972192393e-06 5.663609425240725476e-05 1.450056373200615916e-07 3.894919238000120577e-06 -1.809242341873762225e-07 3.756004263068003745e-07 4.401383574948388099e-07 8.515665690613483626e-07 -6.922507359323185118e-07 -2.209929958378396137e-04 2.407825821767430247e-05 -4.457729076471090421e-07 6.239662018268906939e-07 3.242985876914697883e-06 5.262879028804363440e-06 1.549682156818529090e-05
