# logA ns H0 omegabh2 omegach2 w w_growth omegam_growth LSST_DZ_S1 LSST_DZ_S2 LSST_DZ_S3 LSST_DZ_S4 LSST_DZ_S5 LSST_A1_1 LSST_A1_2 LSST_M1 LSST_M2 LSST_M3 LSST_M4 LSST_M5
7.581624123732254826e-03 9.109157040910601834e-04 -7.160291185452885565e-02 -6.597029979288266610e-07 -4.963104612536035866e-04 1.809662475066041052e-03 1.514211138029264350e-03 -7.629127292863887959e-04 -3.844609489625572385e-06 4.378116019773686925e-06 9.451804378499866619e-06 4.428544643770081999e-06 -1.556581137044726692e-05 6.947867926700565175e-04 -4.295582727427627728e-03 -1.860100926749982623e-06 1.149166533126638269e-05 1.727776340027722138e-05 6.403306450322588749e-06 -6.746013875503893372e-05
9.109157040910601834e-04 4.001827494141153570e-04 -1.354912317481649607e-02 4.443423923933740273e-07 -1.074198797526362012e-04 1.560897624815274227e-04 -9.112602319908294328e-04 -1.616577500489707684e-04 1.012443626191700394e-06 -2.983746820419509821e-07 8.309581445093577189e-07 9.849187625825307796e-07 1.765579534679492545e-06 1.148667043357068070e-03 3.931443817510611575e-04 -1.195534806313346792e-06 1.947812689992467217e-06 1.495478134897574135e-06 2.961526398104806120e-06 4.383713695001116681e-06
-7.160291185452885565e-02 -1.354912317481649607e-02 1.618073952011849004e+00 1.685205312083442859e-04 7.098945642527579487e-03 -3.210936018095136846e-02 3.489933357309329964e-02 8.385060971195136201e-03 4.643756828992304350e-05 1.196443854598551102e-04 -1.941318245404860613e-05 -5.745457532837944947e-05 -4.302645773905760645e-05 -1.215545439737667349e-01 3.142495948974090986e-02 7.077201726129312255e-05 1.730884341101643267e-04 1.234680937496105909e-04 -1.354218605218646381e-04 -2.884503901926572557e-04
-6.597029979288266610e-07 4.443423923933740273e-07 1.685205312083442859e-04 2.760359374186252363e-07 3.344759093766576027e-07 1.381504987430538179e-06 -4.057545203657242804e-06 -7.948833207286113430e-07 -1.205352444801502433e-08 -1.538634480869130614e-08 -3.355034474780891688e-08 2.028714203433426599e-08 -7.468006356812886810e-09 9.747643566446797516e-06 1.230516805298721784e-05 -4.280351372060093431e-09 2.461993499678493149e-08 2.607443632475004219e-08 2.426846245140144116e-08 6.286917913853016676e-08
-4.963104612536035866e-04 -1.074198797526362012e-04 7.098945642527579487e-03 3.344759093766576027e-07 5.122211042538356404e-05 -1.256812051191197061e-04 4.999401183572349701e-04 1.315434411322913917e-04 -3.313865995409786643e-07 6.538044079804866309e-08 -3.803993287247325491e-07 -4.216912182366957178e-07 2.807614814103037718e-08 -3.605823523167693708e-04 -1.986248929390354038e-04 5.887738108239664278e-08 -3.585613866597586223e-07 -2.982733354652554624e-07 -4.944303258930912922e-07 4.963755764114341255e-07
1.809662475066041052e-03 1.560897624815274227e-04 -3.210936018095136846e-02 1.381504987430538179e-06 -1.256812051191197061e-04 1.837263289079705923e-03 -4.639372697366760698e-04 -2.524453871627571622e-04 -5.300600097773141550e-06 -5.090612867817762240e-06 6.353979991261753309e-07 1.937121332006650412e-06 2.189378866165274707e-06 1.803378136862997944e-03 -4.449969289129771140e-03 -5.575669155052923317e-06 -8.745965771886152551e-06 -3.052298460670218532e-06 1.262095722373733148e-05 1.649313310907015915e-05
1.514211138029264350e-03 -9.112602319908294328e-04 3.489933357309329964e-02 -4.057545203657242804e-06 4.999401183572349701e-04 -4.639372697366760698e-04 2.492117135231917621e-02 4.120492486630003559e-03 -2.208667084996921177e-05 1.413839643433422523e-05 1.338094538595171337e-05 -9.382366214774766421e-07 -2.806174850516192248e-05 -7.858793951768593827e-03 -1.645371703013550832e-02 -3.418690815415941684e-06 2.157341045453287182e-05 5.064418938467061632e-05 3.083510551349561736e-05 -9.273412391595671608e-05
-7.629127292863887959e-04 -1.616577500489707684e-04 8.385060971195136201e-03 -7.948833207286113430e-07 1.315434411322913917e-04 -2.524453871627571622e-04 4.120492486630003559e-03 1.273245211176770404e-03 -9.606522784368596457e-07 1.398551305000104723e-06 -1.073069255975260087e-06 -1.868720132520963772e-06 -1.060960282863641579e-06 6.715313684465699711e-04 -2.450162293606280867e-03 3.677525418452391434e-06 1.408116082759655160e-06 3.518221904375984253e-06 1.228894061101823474e-06 -2.365193178810850088e-06
-3.844609489625572385e-06 1.012443626191700394e-06 4.643756828992304350e-05 -1.205352444801502433e-08 -3.313865995409786643e-07 -5.300600097773141550e-06 -2.208667084996921177e-05 -9.606522784368594339e-07 3.269826141097269322e-06 2.089241698634449017e-07 8.288012342896345912e-08 2.666749567289538643e-08 -4.671686410229066038e-08 9.739977662474935346e-05 5.119995564537420407e-05 -8.822285126267911277e-07 6.326125384451707054e-07 2.865089828815178844e-07 2.600776586966377325e-08 -7.628272922495726522e-08
4.378116019773686925e-06 -2.983746820419509821e-07 1.196443854598551102e-04 -1.538634480869130283e-08 6.538044079804866309e-08 -5.090612867817762240e-06 1.413839643433422523e-05 1.398551305000104723e-06 2.089241698634449017e-07 3.402027567951649079e-06 2.282822790472420303e-07 1.460046863376596675e-07 -1.128714283057443338e-07 -1.176486899056678956e-04 -2.497635116254216963e-05 3.753388999620012596e-07 -1.718687273769199143e-06 6.947461290777266393e-07 4.742792325948080845e-07 1.988962725209976744e-07
9.451804378499866619e-06 8.309581445093577189e-07 -1.941318245404860613e-05 -3.355034474780891688e-08 -3.803993287247325491e-07 6.353979991261750132e-07 1.338094538595170998e-05 -1.073069255975260087e-06 8.288012342896345912e-08 2.282822790472420303e-07 3.507614033352126491e-06 1.985263361229526970e-07 2.801971387829474290e-08 -2.809326883831114809e-06 -6.680931835657747243e-05 1.420226054598086826e-07 3.366163417156854218e-07 -1.688525801144545651e-06 6.455632292068411364e-07 5.162662825888215336e-07
4.428544643770081999e-06 9.849187625825307796e-07 -5.745457532837946302e-05 2.028714203433426599e-08 -4.216912182366957178e-07 1.937121332006650412e-06 -9.382366214774755834e-07 -1.868720132520963772e-06 2.666749567289538643e-08 1.460046863376596675e-07 1.985263361229526970e-07 3.643700813632047337e-06 1.058395154556983665e-07 8.036635537996149781e-05 -8.648173981589422964e-05 8.765352249051491207e-08 2.353480615666861716e-07 4.748811603989146668e-07 -1.252941458510088048e-06 6.425455547111077293e-07
-1.556581137044726692e-05 1.765579534679492545e-06 -4.302645773905760645e-05 -7.468006356812888464e-09 2.807614814103037718e-08 2.189378866165274707e-06 -2.806174850516192248e-05 -1.060960282863641579e-06 -4.671686410229066699e-08 -1.128714283057443338e-07 2.801971387829473297e-08 1.058395154556983930e-07 4.039656806144773876e-06 -7.912352018548170133e-07 -2.343160014247399215e-04 -7.832886280798936241e-08 7.646378612649494107e-08 1.549022514900830230e-07 4.229950007709029860e-07 -3.340455757555034065e-07
6.947867926700568427e-04 1.148667043357068070e-03 -1.215545439737667349e-01 9.747643566446797516e-06 -3.605823523167694250e-04 1.803378136862997293e-03 -7.858793951768593827e-03 6.715313684465697543e-04 9.739977662474935346e-05 -1.176486899056678956e-04 -2.809326883831114809e-06 8.036635537996149781e-05 -7.912352018548170133e-07 8.236071938707929974e+00 -2.142697621463319213e-01 2.248967734682715371e-05 1.313759168493440672e-04 -1.092301143002856088e-04 -1.901392419362235814e-04 2.183540001250154665e-05
-4.295582727427627728e-03 3.931443817510611575e-04 3.142495948974090292e-02 1.230516805298721784e-05 -1.986248929390354038e-04 -4.449969289129771140e-03 -1.645371703013550832e-02 -2.450162293606280867e-03 5.119995564537419729e-05 -2.497635116254216963e-05 -6.680931835657747243e-05 -8.648173981589422964e-05 -2.343160014247399215e-04 -2.142697621463319213e-01 8.597736848878708926e+00 -2.070949708269874225e-07 1.285652759821300254e-05 4.002738184584735560e-05 1.764413965643438903e-04 2.439051111944484141e-04
-1.860100926749983046e-06 -1.195534806313346792e-06 7.077201726129313611e-05 -4.280351372060095086e-09 5.887738108239661631e-08 -5.575669155052923317e-06 -3.418690815415941684e-06 3.677525418452391434e-06 -8.822285126267911277e-07 3.753388999620012596e-07 1.420226054598086826e-07 8.765352249051492531e-08 -7.832886280798936241e-08 2.248967734682716726e-05 -2.070949708269874225e-07 2.352186507037846340e-05 8.736373009800314991e-07 6.896733069481299121e-07 1.449975498129470884e-07 -2.877826347110863555e-07
1.149166533126638608e-05 1.947812689992467217e-06 1.730884341101643267e-04 2.461993499678493149e-08 -3.585613866597586223e-07 -8.745965771886152551e-06 2.157341045453286843e-05 1.408116082759654948e-06 6.326125384451707054e-07 -1.718687273769199143e-06 3.366163417156854218e-07 2.353480615666861716e-07 7.646378612649494107e-08 1.313759168493440672e-04 1.285652759821300254e-05 8.736373009800314991e-07 1.968257084407637011e-05 1.937076785663906558e-06 1.672659999152018002e-06 8.434670285285869805e-07
1.727776340027722138e-05 1.495478134897574135e-06 1.234680937496105909e-04 2.607443632475004219e-08 -2.982733354652554095e-07 -3.052298460670218532e-06 5.064418938467060954e-05 3.518221904375984253e-06 2.865089828815178844e-07 6.947461290777266393e-07 -1.688525801144545651e-06 4.748811603989146668e-07 1.549022514900830230e-07 -1.092301143002856088e-04 4.002738184584734882e-05 6.896733069481299121e-07 1.937076785663906558e-06 1.604145137639288805e-05 3.230552321129602587e-06 2.819785766958424046e-06
6.403306450322591290e-06 2.961526398104805273e-06 -1.354218605218646381e-04 2.426846245140144116e-08 -4.944303258930912922e-07 1.262095722373733148e-05 3.083510551349561736e-05 1.228894061101823474e-06 2.600776586966377325e-08 4.742792325948080845e-07 6.455632292068411364e-07 -1.252941458510088048e-06 4.229950007709029860e-07 -1.901392419362235814e-04 1.764413965643438903e-04 1.449975498129470884e-07 1.672659999152018002e-06 3.230552321129602587e-06 1.405574299544476277e-05 5.742847520110654585e-06
-6.746013875503893372e-05 4.383713695001116681e-06 -2.884503901926572557e-04 6.286917913853016676e-08 4.963755764114341255e-07 1.649313310907015915e-05 -9.273412391595671608e-05 -2.365193178810850088e-06 -7.628272922495725198e-08 1.988962725209976214e-07 5.162662825888215336e-07 6.425455547111077293e-07 -3.340455757555034065e-07 2.183540001250156359e-05 2.439051111944484141e-04 -2.877826347110863026e-07 8.434670285285869805e-07 2.819785766958424046e-06 5.742847520110654585e-06 1.502318720740063332e-05
