# logA ns H0 omegabh2 omegach2 omegam_growth LSST_DZ_S1 LSST_DZ_S2 LSST_DZ_S3 LSST_DZ_S4 LSST_DZ_S5 LSST_A1_1 LSST_A1_2 LSST_M1 LSST_M2 LSST_M3 LSST_M4 LSST_M5
1.621094287484708138e-03 6.723323810459419915e-05 -8.251495803243469318e-03 1.236421077930128407e-06 -8.303473690454087855e-05 -1.914403883230120077e-04 -5.885794014225470357e-07 2.478649641991974100e-06 1.114880424485205504e-06 -2.704103248804923555e-06 1.439794532726378218e-06 7.272647237894832445e-04 9.805432115392734641e-04 -9.513361192771480664e-07 -2.881566600933290589e-06 -2.181806304054688272e-06 -3.344822283008846604e-06 -3.723898623714138369e-06
6.723323810459419915e-05 2.529493391982303558e-04 4.691966339119361387e-04 5.666022166093092294e-07 -5.274118959025592138e-06 7.406644901909503666e-05 7.887654978785920834e-07 1.232332350206213161e-07 2.058851219017290501e-07 -2.192498963888130849e-07 6.105918274380375038e-07 -1.502896440410308792e-03 -1.427715475888037067e-03 -1.726275475258468882e-08 5.303119828641013809e-07 4.840756957602594826e-07 8.689363523961910841e-07 1.647728939222480576e-06
-8.251495803243469318e-03 4.691966339119361387e-04 1.118822722468324038e+00 1.733379735026560620e-04 4.885060577338693442e-03 -6.000610524211166634e-03 -4.499329429290233493e-06 -3.963806820593250850e-05 -7.362583971449574609e-05 3.711514589857987202e-05 4.028526759788189388e-05 3.193722865190622151e-02 3.302912638396910544e-02 -8.717094190639220440e-05 -4.970506519349008457e-05 -1.943715330845244481e-06 -2.384231942237848389e-05 5.351133024227244203e-05
1.236421077930128407e-06 5.666022166093092294e-07 1.733379735026560620e-04 2.664276544976790760e-07 3.422633424803061637e-07 -6.535240585991571144e-07 -1.238681288419181940e-08 3.406303046347542661e-08 -2.483276516238669731e-08 3.576411287479965536e-09 9.242767114787725182e-09 -4.647548699973484167e-05 -3.663544977915783124e-05 -7.158091793325578688e-09 7.504077475922700145e-09 6.408847112946799086e-09 -9.420133691400046940e-09 6.533063516135707230e-12
-8.303473690454087855e-05 -5.274118959025592138e-06 4.885060577338693442e-03 3.422633424803061637e-07 3.940775963504652675e-05 -6.285839651718166509e-05 -2.657252084128404362e-07 -6.076923803869722049e-07 -4.798739865920644116e-07 1.534455449760934482e-07 -6.602084194000537299e-08 4.321180269595663597e-04 4.668985117883272000e-04 -8.791059462102649706e-07 -9.334534796794464774e-07 -5.240485485139254993e-07 -1.882400571330471362e-07 6.410231939230015794e-07
-1.914403883230120077e-04 7.406644901909503666e-05 -6.000610524211166634e-03 -6.535240585991571144e-07 -6.285839651718166509e-05 1.186502851251333398e-03 2.186807801614193962e-06 7.410773757089310772e-07 4.870807079161913494e-07 -8.009748613188343279e-07 1.538480185726347884e-06 -1.282865631032115454e-03 -4.722189865719483848e-03 -1.151579249314868532e-06 3.660472641425059879e-07 -2.044329492715080778e-06 -1.726624446204564247e-06 -2.570676393549682487e-06
-5.885794014225470357e-07 7.887654978785920834e-07 -4.499329429290233493e-06 -1.238681288419181940e-08 -2.657252084128404362e-07 2.186807801614193962e-06 4.037123276993073293e-06 -2.610018727214518316e-08 -1.705034605179081205e-08 -6.856435476823206074e-08 -1.154634536656723292e-08 -8.361868815546032077e-05 -4.823961748893289039e-06 -1.368113138859680249e-07 1.742362286500929753e-07 3.368590596631794446e-08 1.569106036015640470e-08 5.910301357204889306e-08
2.478649641991974100e-06 1.232332350206213161e-07 -3.963806820593250850e-05 3.406303046347542661e-08 -6.076923803869722049e-07 7.410773757089310772e-07 -2.610018727214518316e-08 3.888287434835141929e-06 8.360293122260786737e-08 -6.554163433947679082e-08 -2.640097323762861632e-09 6.399980190079768540e-05 -1.434441365781866985e-04 1.118348508889117587e-07 -1.294300490715712208e-07 9.497852359910932502e-08 5.823665767259907877e-08 3.114077575738311756e-08
1.114880424485205504e-06 2.058851219017290501e-07 -7.362583971449574609e-05 -2.483276516238669731e-08 -4.798739865920644116e-07 4.870807079161913494e-07 -1.705034605179081205e-08 8.360293122260786737e-08 3.821605276803322708e-06 5.473099586396666840e-08 -6.936131394433135426e-09 -5.960584369199656524e-05 -2.130898972764786955e-04 -1.440483856789088765e-09 1.095182484188374914e-07 -1.564898933853617448e-07 7.271942278099686875e-08 6.398259390208712807e-08
-2.704103248804923555e-06 -2.192498963888130849e-07 3.711514589857987202e-05 3.576411287479965536e-09 1.534455449760934482e-07 -8.009748613188343279e-07 -6.856435476823206074e-08 -6.554163433947679082e-08 5.473099586396666840e-08 3.908278545242746001e-06 9.005634561359084235e-08 -7.664616762809061865e-05 9.039771670038249487e-05 -1.062770665630007314e-08 1.384908409447952081e-07 1.634288490056758176e-07 -2.133919318090223938e-07 5.473895341593707019e-08
1.439794532726378218e-06 6.105918274380375038e-07 4.028526759788188033e-05 9.242767114787725182e-09 -6.602084194000537299e-08 1.538480185726348307e-06 -1.154634536656723292e-08 -2.640097323762857910e-09 -6.936131394433135426e-09 9.005634561359084235e-08 3.998823486053154291e-06 6.840432141811731868e-05 1.250035514499090610e-04 -7.537509635631120120e-08 6.731446194018734892e-08 -2.888645230663391404e-08 2.201838503846786333e-09 -9.114801630664594646e-08
7.272647237894832445e-04 -1.502896440410308792e-03 3.193722865190622151e-02 -4.647548699973484167e-05 4.321180269595664139e-04 -1.282865631032115454e-03 -8.361868815546032077e-05 6.399980190079769895e-05 -5.960584369199656524e-05 -7.664616762809061865e-05 6.840432141811731868e-05 8.228547147206375811e+00 8.019319723430642921e-02 2.362701557947141786e-05 1.543445365389228537e-05 -2.036885726916062335e-04 7.501820012580558150e-05 3.193422643447126703e-05
9.805432115392734641e-04 -1.427715475888037067e-03 3.302912638396910544e-02 -3.663544977915783124e-05 4.668985117883272000e-04 -4.722189865719483848e-03 -4.823961748893289039e-06 -1.434441365781866985e-04 -2.130898972764786955e-04 9.039771670038249487e-05 1.250035514499090610e-04 8.019319723430642921e-02 8.362449031928539611e+00 1.118229481992634278e-05 -1.695364527779710586e-05 -5.190142011497075555e-05 -6.484296376715546469e-05 -1.076703053838863551e-04
-9.513361192771480664e-07 -1.726275475258468882e-08 -8.717094190639220440e-05 -7.158091793325578688e-09 -8.791059462102649706e-07 -1.151579249314868532e-06 -1.368113138859680249e-07 1.118348508889117719e-07 -1.440483856789088765e-09 -1.062770665630008306e-08 -7.537509635631118797e-08 2.362701557947141786e-05 1.118229481992634278e-05 2.505882047977666226e-05 1.524800695721244454e-07 -1.847662796436220823e-08 -1.199978437461660403e-07 1.281807656471804428e-07
-2.881566600933290589e-06 5.303119828641013809e-07 -4.970506519349008457e-05 7.504077475922700145e-09 -9.334534796794464774e-07 3.660472641425059879e-07 1.742362286500929753e-07 -1.294300490715712208e-07 1.095182484188374914e-07 1.384908409447952081e-07 6.731446194018734892e-08 1.543445365389228537e-05 -1.695364527779710925e-05 1.524800695721244454e-07 2.441036588207554073e-05 4.368511275768537987e-07 7.801068526636882498e-08 1.075582286323597748e-07
-2.181806304054688272e-06 4.840756957602595885e-07 -1.943715330845244481e-06 6.408847112946799086e-09 -5.240485485139254993e-07 -2.044329492715080778e-06 3.368590596631793784e-08 9.497852359910932502e-08 -1.564898933853617448e-07 1.634288490056758176e-07 -2.888645230663391734e-08 -2.036885726916062335e-04 -5.190142011497075555e-05 -1.847662796436220823e-08 4.368511275768537987e-07 2.392401106756024241e-05 3.404822474817175769e-07 2.036248883378543799e-07
-3.344822283008846604e-06 8.689363523961910841e-07 -2.384231942237848389e-05 -9.420133691400046940e-09 -1.882400571330471362e-07 -1.726624446204564247e-06 1.569106036015640470e-08 5.823665767259907215e-08 7.271942278099686875e-08 -2.133919318090223938e-07 2.201838503846786333e-09 7.501820012580558150e-05 -6.484296376715547824e-05 -1.199978437461660403e-07 7.801068526636881175e-08 3.404822474817175769e-07 2.358580612503343373e-05 5.858515168264636672e-07
-3.723898623714138369e-06 1.647728939222480576e-06 5.351133024227244203e-05 6.533063516135707230e-12 6.410231939230015794e-07 -2.570676393549682487e-06 5.910301357204888644e-08 3.114077575738311756e-08 6.398259390208712807e-08 5.473895341593707019e-08 -9.114801630664594646e-08 3.193422643447126703e-05 -1.076703053838863551e-04 1.281807656471804428e-07 1.075582286323597484e-07 2.036248883378543799e-07 5.858515168264636672e-07 2.411121239292163338e-05
