# logA ns theta_MC_100 omegabh2 omegach2 tau omegam_growth A_planck calib_100T calib_217T A_cib_217 xi_sz_cib A_sz ksz_norm gal545_A_100 gal545_A_143 gal545_A_143_217 gal545_A_217 ps_A_100_100 ps_A_143_143 ps_A_143_217 ps_A_217_217 galf_TE_A_100 galf_TE_A_100_143 galf_TE_A_100_217 galf_TE_A_143 galf_TE_A_143_217 galf_TE_A_217 LSST_DZ_S1 LSST_DZ_S2 LSST_DZ_S3 LSST_DZ_S4 LSST_DZ_S5 LSST_A1_1 LSST_A1_2 LSST_M1 LSST_M2 LSST_M3 LSST_M4 LSST_M5
1.960868360754727899e-04 3.163188199330745233e-05 -3.455375166055603295e-08 7.549265366415433682e-07 -6.387800082727654815e-06 8.663014054180455555e-05 -9.781941170659041638e-05 9.328257788135567506e-06 2.570652712149939123e-07 -3.792379607305855424e-08 4.704883669265467897e-04 4.568642079539836587e-05 -5.892998797131357219e-04 1.265733885081821370e-04 -1.920489134251836708e-05 1.007090837875309507e-04 -2.379277241128889271e-05 1.208231456496443876e-03 -3.105543413718395498e-02 -5.133073118318930844e-02 1.155200312752818542e-03 -2.632106375432230819e-03 2.322146146536735629e-06 4.989556659399321463e-07 1.040583939183394271e-05 -8.216646641633989256e-06 -2.794818159788174878e-07 1.050051707765733858e-04 -1.782386773342643258e-07 3.129639831593377636e-07 1.791200565020881463e-07 -5.342884510852416580e-08 -5.437632792834740577e-07 8.077613917259934872e-05 -3.690777786526843124e-04 -5.643176758018016097e-08 1.100996593706007839e-06 3.027041346676586775e-07 -2.073216961336008566e-06 -9.457999893224849393e-06
3.163188199330745233e-05 6.467468806384069687e-05 2.292087487735787526e-06 8.779710515680030564e-07 -1.891807990652153971e-06 -2.195798201584037629e-06 -1.679790482594410521e-05 -4.727140773170625590e-07 6.474147819236561337e-08 6.683406325819902011e-08 4.111248156646950366e-04 -1.744691059250492828e-05 -4.751474194152269779e-04 2.433764456089772981e-04 3.554133114578209127e-04 2.027790900938035564e-04 9.470634329363623199e-05 3.018059540552364391e-04 -1.646022567886294002e-02 -2.195695576350991524e-02 8.919297621824138697e-03 -3.873205100963609659e-03 -3.782301216842914830e-07 -1.383917207756444944e-06 1.609717410430820934e-06 -7.192710628250986012e-07 9.630544550524778823e-06 -4.923582242184922883e-06 1.030302145589352429e-07 2.455529132834152693e-07 7.793104034632187220e-08 6.731423586946822480e-08 4.889476620355846185e-08 6.267419981241091024e-05 2.079256709703040831e-04 -2.707914071559408567e-07 8.572746037086201613e-07 8.908890044647835406e-07 2.952703623012433097e-07 -4.281198946942870036e-07
-3.455375166055603295e-08 2.292087487735787526e-06 2.527696484314286400e-06 2.431912254543181841e-07 1.035575107074991742e-06 -2.675532409942353569e-06 -7.251314171519559192e-06 -2.880097990916348382e-07 -1.898429527572691725e-08 -5.011452445844600759e-09 1.781959446056417774e-04 1.326876619577866151e-06 6.956973888541025130e-06 7.149300449242944691e-05 -2.676957209586910344e-07 1.041425089314945052e-05 4.550854632489275374e-05 -2.986491675711784837e-05 9.256470716887810549e-03 1.184666820424193009e-03 -5.370539232790603112e-04 -3.620333794923216763e-04 4.702157078660943410e-07 -1.660361441012323336e-07 1.316486501279948483e-06 1.739980222862760607e-07 9.345639564101442876e-07 1.102812661025872335e-06 -9.694293684081311091e-09 2.979395059742697474e-08 1.348098507065041786e-08 -4.178912841866673251e-08 -5.121575935299719502e-08 1.192715488862728186e-05 4.180160691070058985e-06 6.110504856476318042e-08 1.710257639664919092e-07 1.124109019645022273e-07 -1.437086698996945708e-07 -5.587691195888248534e-07
7.549265366415433682e-07 8.779710515680030564e-07 2.431912254543181841e-07 6.007030673619244536e-08 7.823443718499790634e-08 -6.136747984126544700e-08 -7.049186293528629589e-07 -1.258974332428411842e-08 3.774226858362102746e-09 -4.035806264555806857e-10 -3.436298613025797806e-05 -6.769695106059960395e-07 -5.911798543218583833e-06 6.041058587021024497e-06 -4.672703903174256313e-06 6.505768264821940130e-06 1.618152961008979189e-05 2.810799282427814305e-05 2.670526072407671545e-04 -4.962128531075653834e-04 3.803203221505364624e-04 -3.345400271402498241e-04 3.713612998500069182e-08 -3.869730667524228162e-08 1.972172819678024006e-07 -7.311761398735867784e-08 8.333026040044083037e-08 3.174348749449379944e-07 -1.036292627828860662e-09 3.633069987489199444e-09 5.580069014470833125e-09 -1.811675085364419401e-09 -1.710082471299244517e-09 9.241632735822044428e-07 3.024505382700283906e-07 -6.236666458803212012e-09 3.276549814405816484e-08 3.219320867401254727e-08 4.488277223921557981e-09 -4.313482118497166819e-08
-6.387800082727654815e-06 -1.891807990652153971e-06 1.035575107074991742e-06 7.823443718499790634e-08 8.832654147953458136e-07 -3.796490830281814185e-06 -4.240431828975079693e-06 -4.137538521017281866e-07 -1.571153871405706981e-08 -6.418946840709413289e-09 -1.439814047275349632e-04 -2.609333125818975444e-07 2.260926744162927734e-05 1.080404870561300726e-05 -2.113367208234812370e-05 -1.395596921523048117e-06 3.161128055691553190e-06 -6.055976396447834248e-05 4.465842568784730501e-03 2.233259669071194740e-03 -1.792705716312298012e-04 3.842172851234637500e-04 7.946556090199456968e-08 6.654263953264705225e-10 4.586014090219888359e-07 4.137570103364481838e-07 -7.402272951591206842e-08 -4.823733184172265503e-06 -6.872674094356052456e-09 -3.880126314636824516e-08 -4.455295094557701107e-08 -8.004430088188202837e-08 -7.239719241923313855e-08 1.307027343988847566e-05 2.712689981483922734e-05 -8.567765284622550934e-09 -6.259749042031939275e-08 -1.939732807079901290e-07 -4.017920812886928414e-07 -5.311476169700661994e-07
8.663014054180455555e-05 -2.195798201584037629e-06 -2.675532409942353569e-06 -6.136747984126544700e-08 -3.796490830281814185e-06 5.366189126459110784e-05 -2.913864464185683697e-05 -2.689598949295524656e-07 -2.645662068530161242e-08 -9.263677502268462629e-09 9.382692432424272156e-04 2.178260191900081348e-05 4.065726189382915385e-05 -1.524269843392850429e-04 1.574040511281158327e-04 2.114676956394588104e-04 2.170339089411973943e-04 -1.401286379624497379e-04 -5.279040801573989944e-03 -1.519588843515530356e-02 -5.248354899337521334e-03 -1.686237840831978198e-03 9.844310399876930301e-07 1.032553143834284927e-06 2.057922798056645467e-06 -4.315373953183276828e-06 -1.420036142840204363e-06 4.003240396526820417e-05 -8.794779799645002825e-08 1.331030452471602719e-07 1.752616077920052948e-07 7.898638706309100187e-08 -1.291761039804976469e-07 -7.365362322287511084e-06 -2.584021361898694103e-04 4.230843939072784317e-08 3.777022813032761397e-07 1.554755923225400987e-07 -2.173527471967823862e-07 -2.950749533392148278e-06
-9.781941170659041638e-05 -1.679790482594410521e-05 -7.251314171519559192e-06 -7.049186293528629589e-07 -4.240431828975079693e-06 -2.913864464185683697e-05 3.921775254529374097e-04 -2.949781764602959167e-06 6.364376156683045525e-08 1.016662720842866597e-07 4.672737186516730604e-03 -1.262738739747114040e-05 6.216435473188363682e-04 -1.151608308441168151e-04 1.628264518037035558e-04 1.035824206926955356e-04 1.006305773720013279e-03 1.699335347353500732e-03 -5.345264505961495535e-03 1.704979123055310949e-02 5.613334615708579813e-03 -1.773556121130666699e-02 2.321559855434242976e-06 4.031714280190481513e-07 -2.320563917140160300e-05 4.086505823187103878e-06 3.708404661352355761e-06 2.712744270182641646e-05 1.135433647956789297e-06 6.574089155394852269e-07 -1.493538400731372754e-07 7.409713535363170769e-08 1.259663082535139535e-07 -6.715706612107778849e-04 2.192590879939623674e-03 2.076941566720699020e-06 9.917275289445362663e-07 -3.461895053190427828e-06 -4.772224152649077291e-06 3.154545532970831821e-07
9.328257788135567506e-06 -4.727140773170625590e-07 -2.880097990916348382e-07 -1.258974332428411842e-08 -4.137538521017281866e-07 -2.689598949295524656e-07 -2.949781764602959167e-06 5.985215342859950894e-06 1.756787152636552435e-08 -6.626091083628110606e-09 9.441733715843924615e-04 6.908214720997803349e-06 -2.776113572511640853e-05 1.008564734476648800e-05 1.593091538280113934e-05 -7.534257971703258209e-05 -4.469359932538730595e-05 6.804853347032535985e-04 -2.335254811041566955e-03 3.374232801856097918e-04 2.296167803383463487e-03 1.187860585277818751e-04 3.242302745933647645e-07 -6.020760665943232337e-07 1.456801092901231210e-07 9.907645765082120808e-07 9.624563506803689958e-07 2.543475072745212466e-05 -1.869633488400447763e-08 3.712435253650860263e-09 -2.380484201236087969e-09 2.162602330338166030e-08 -6.580452834454559453e-09 -2.600426358816687380e-06 -3.945455788715836404e-05 1.900929250538363284e-08 -5.177519993900142155e-08 5.273976203531507799e-08 -2.386020150224195356e-08 -3.404627493733199103e-07
2.570652712149939123e-07 6.474147819236561337e-08 -1.898429527572691725e-08 3.774226858362102746e-09 -1.571153871405706981e-08 -2.645662068530161242e-08 6.364376156683045525e-08 1.756787152636552435e-08 4.449908701679182953e-07 -7.276231921388432667e-09 -4.497317699549342089e-05 5.688869504224750015e-07 3.086741944713809537e-05 -2.977120574085538612e-05 9.518973512087199810e-05 -1.089448336183442001e-04 -9.743413097928590506e-05 2.329221599530403321e-05 4.320622309585626757e-03 -5.284035080913801127e-03 -3.254099506831714282e-04 -7.896783420150518427e-04 8.419721529964532509e-08 -1.125367014253165753e-07 4.943553390258731053e-08 8.366203617262716411e-08 -4.900210305605307437e-07 -1.072769304760980283e-06 1.360567832892976137e-09 3.979308222557859087e-09 -1.509755201032121729e-09 9.789764925954219250e-09 8.888484934231177869e-09 1.558403571697574273e-09 8.322099052443867780e-07 1.082217157425227438e-09 1.048764081031840878e-08 2.394824269208975663e-10 -2.067288234880646170e-08 -5.731067494670540836e-09
-3.792379607305855424e-08 6.683406325819902011e-08 -5.011452445844600759e-09 -4.035806264555806857e-10 -6.418946840709413289e-09 -9.263677502268462629e-09 1.016662720842866597e-07 -6.626091083628110606e-09 -7.276231921388432667e-09 4.042700270323427338e-07 5.268482603799359365e-04 -8.889056490660710345e-07 -4.428664550683539489e-06 -2.021653891593850756e-06 -1.954302382682626851e-06 -4.414557094392116591e-06 2.764645206519867216e-04 5.748524349101547014e-04 6.695195059471261388e-04 -9.942043953766166973e-04 1.529041967839859552e-03 -7.615450638335398003e-05 1.163445464011766097e-07 -4.998785526960360648e-08 6.780949729753742040e-07 -1.743658132323129184e-07 -2.499997830884833866e-07 8.165309258738815230e-08 9.500658274061202961e-09 3.979875171541904680e-09 -3.049459592392856461e-09 3.944277878853771707e-09 7.897167210753721718e-09 -9.957464039332755201e-08 -1.594421374914839378e-06 -7.696996461800900140e-09 2.504397859027256668e-08 4.233221186570348826e-09 -1.672237829281513875e-09 2.400147810629031104e-08
4.704883669265467897e-04 4.111248156646950366e-04 1.781959446056417774e-04 -3.436298613025797806e-05 -1.439814047275349632e-04 9.382692432424272156e-04 4.672737186516730604e-03 9.441733715843924615e-04 -4.497317699549342089e-05 5.268482603799359365e-04 4.573285844869050720e+02 -1.970589564008355388e-01 -4.556906486092020536e-01 9.216734634951291583e-02 6.570028788799867625e-01 4.257817304505571165e-01 -1.956643841020452257e+01 -6.115034505896749550e+01 5.818885224326724881e+01 -2.165184544991776647e+02 7.508118525874139095e+02 -6.025443558245086706e+02 5.467836270203235011e-03 -2.052886473181586655e-03 -2.817880231770381397e-02 -1.298911725560203574e-02 -1.828317423763199667e-02 -2.570969086673771664e-03 -2.487997844298897652e-04 3.977868845369767750e-04 1.750177386141024650e-04 9.770436950380602305e-05 1.363387488317212759e-04 -5.292804128490627771e-03 5.870801038230717001e-02 -2.378124642838540714e-04 2.748249179322158711e-04 7.128436563556099503e-04 4.613093460216105318e-04 4.681055026420859037e-04
4.568642079539836587e-05 -1.744691059250492828e-05 1.326876619577866151e-06 -6.769695106059960395e-07 -2.609333125818975444e-07 2.178260191900081348e-05 -1.262738739747114040e-05 6.908214720997803349e-06 5.688869504224750015e-07 -8.889056490660710345e-07 -1.970589564008355388e-01 8.321262619181163389e-02 -1.298273470197907698e-03 4.242281733329324005e-03 -1.042652906103836395e-02 -5.115660413368795095e-03 9.589168296276031830e-03 -1.240910336260931182e-02 -3.290838698820184871e-01 -2.853505980695700828e-01 1.903584835035302125e-01 1.559442918100809317e-01 -9.256946504891356371e-05 -5.142947750658177254e-05 9.959113372661135689e-05 -6.249014669022095245e-06 7.254360392448680819e-05 -4.893885042253433201e-05 3.754076389006814791e-06 3.472694371222204300e-07 2.371779918549351788e-06 -3.354837948224646330e-06 2.294049054639413142e-06 1.625052908091200474e-05 8.821999433364423413e-04 -1.147204735431848953e-05 -1.732794521776015252e-06 -5.181555373388764699e-06 2.252289685348848589e-06 -8.277792111551706908e-06
-5.892998797131357219e-04 -4.751474194152269779e-04 6.956973888541025130e-06 -5.911798543218583833e-06 2.260926744162927734e-05 4.065726189382915385e-05 6.216435473188363682e-04 -2.776113572511640853e-05 3.086741944713809537e-05 -4.428664550683539489e-06 -4.556906486092020536e-01 -1.298273470197907698e-03 4.581617233841853931e+00 -3.645201141237464526e+00 -5.994567929496218139e-02 2.336029404275794322e-02 3.939567742017803798e-01 3.343454748411207045e-01 -5.876471454822297602e+00 -1.131216545095854675e+00 1.054857685103703169e+01 -4.141407003065471493e+00 7.664193802996606408e-04 -3.346654900117414391e-06 -1.107255967654799085e-03 -4.686440240176596001e-04 1.301125106069529226e-03 6.804461257466557118e-03 -3.458411355806425088e-05 4.335822879559047401e-06 -1.917939691756279945e-05 1.207393181818554568e-05 8.051389483352311256e-06 -1.475784159398006680e-03 4.952054548150727938e-03 -2.628207649360879696e-05 -3.672398466360278442e-05 3.141516407532229493e-05 5.322239532393890785e-05 3.167406843525963811e-05
1.265733885081821370e-04 2.433764456089772981e-04 7.149300449242944691e-05 6.041058587021024497e-06 1.080404870561300726e-05 -1.524269843392850429e-04 -1.151608308441168151e-04 1.008564734476648800e-05 -2.977120574085538612e-05 -2.021653891593850756e-06 9.216734634951291583e-02 4.242281733329324005e-03 -3.645201141237464526e+00 7.344295449356272876e+00 3.371365327903402126e-02 -4.054606434698906220e-02 -2.656071840348154245e-01 -5.797249018063956733e-02 3.778809916011498959e+00 -1.934109035669042131e-01 -1.284697121621966964e+01 3.954302800403694640e+00 -6.857740805021294824e-04 -3.841002063237185932e-04 1.749448373612805642e-03 7.091837992617123186e-04 -6.194430905497595426e-04 -6.800026159131721502e-03 2.882046712231599875e-05 1.497971102342761165e-05 2.550127462086845690e-05 -5.325874487404797471e-06 1.444401912665440520e-05 -6.304710225477338234e-04 -1.565103358032926203e-02 2.120357312509839852e-05 1.395902128872746729e-05 -1.801463716909041220e-05 -1.935410339921802719e-06 -3.967667703551246909e-05
-1.920489134251836708e-05 3.554133114578209127e-04 -2.676957209586910344e-07 -4.672703903174256313e-06 -2.113367208234812370e-05 1.574040511281158327e-04 1.628264518037035558e-04 1.593091538280113934e-05 9.518973512087199810e-05 -1.954302382682626851e-06 6.570028788799867625e-01 -1.042652906103836395e-02 -5.994567929496218139e-02 3.371365327903402126e-02 3.550112787510945722e+00 4.327924417584353423e-01 9.745600141412395778e-02 -9.493142372805138396e-02 -8.923686290484299732e+00 6.891149064936096025e+00 2.820148081995751621e+00 2.557520339912783824e-01 1.571009674743204887e-04 -1.819712932554010652e-05 -2.443105345890763183e-03 -4.113181706315311294e-04 3.300063532709202594e-04 3.507793065340510281e-03 -1.690812209492325389e-05 1.696589179812619071e-06 5.640885269175512314e-06 -3.101497524268316438e-05 -2.476383421899479637e-05 3.732327893905950798e-04 5.856767868296339045e-03 -1.410264593183876945e-05 -1.819230991415023193e-05 -1.645206760828713720e-05 -1.064746308999618820e-05 2.711241671647662363e-05
1.007090837875309507e-04 2.027790900938035564e-04 1.041425089314945052e-05 6.505768264821940130e-06 -1.395596921523048117e-06 2.114676956394588104e-04 1.035824206926955356e-04 -7.534257971703258209e-05 -1.089448336183442001e-04 -4.414557094392116591e-06 4.257817304505571165e-01 -5.115660413368795095e-03 2.336029404275794322e-02 -4.054606434698906220e-02 4.327924417584353423e-01 3.391314095829120578e+00 2.547980268286698990e+00 2.308077303065822594e+00 6.382491314585098330e+00 -1.070855545700979050e+01 6.094246324618422861e+00 2.436080223615838758e+00 -6.762816680491556386e-04 -9.317279713047781770e-04 -1.038482499865135255e-03 -1.111570031092988493e-04 1.414502307823963087e-04 -1.336407827233352741e-03 6.562753982020382384e-06 5.953744157458290822e-06 -4.471269135233017309e-06 -1.244413775120038792e-05 -1.761993835783412477e-05 4.680965031398502029e-05 -5.880381517950254797e-04 -7.144926811892291039e-05 4.736574797909203947e-06 -1.514867023103478639e-05 3.851426635352772534e-06 -2.836575123181627313e-05
-2.379277241128889271e-05 9.470634329363623199e-05 4.550854632489275374e-05 1.618152961008979189e-05 3.161128055691553190e-06 2.170339089411973943e-04 1.006305773720013279e-03 -4.469359932538730595e-05 -9.743413097928590506e-05 2.764645206519867216e-04 -1.956643841020452257e+01 9.589168296276031830e-03 3.939567742017803798e-01 -2.656071840348154245e-01 9.745600141412395778e-02 2.547980268286698990e+00 1.883006215668524419e+01 3.251222445000637862e+01 7.188015933573190352e+00 5.115327340143334567e+01 -5.106520315194119064e+01 1.217416721176540939e+01 4.175687217285333798e-04 5.617778536236322411e-04 -2.318014873840047382e-03 -9.782762203283991171e-04 3.261934164907459295e-04 1.429769347550650244e-02 9.503030489970214179e-05 2.179951319814687302e-06 5.989328098455657615e-06 1.851152436604046298e-05 3.818518313193872916e-06 -1.629999486134418342e-03 1.480374972022233983e-03 -1.566963693453672028e-04 -2.191745437841380450e-05 -9.740070155462981496e-05 8.588824636021859043e-05 2.927049628639609953e-05
1.208231456496443876e-03 3.018059540552364391e-04 -2.986491675711784837e-05 2.810799282427814305e-05 -6.055976396447834248e-05 -1.401286379624497379e-04 1.699335347353500732e-03 6.804853347032535985e-04 2.329221599530403321e-05 5.748524349101547014e-04 -6.115034505896749550e+01 -1.240910336260931182e-02 3.343454748411207045e-01 -5.797249018063956733e-02 -9.493142372805138396e-02 2.308077303065822594e+00 3.251222445000637862e+01 8.672035162354610804e+01 2.730586178295562050e+00 8.152381148076517547e+01 -3.579915635406219110e+01 -1.678993144662070236e+01 -8.712645258928558047e-04 9.437701645289556978e-04 -4.250582440888727581e-03 -8.133857967346289205e-04 5.487404943345945176e-03 6.811430987020494245e-03 1.677427755784417416e-04 -7.213409819582257800e-05 4.349429002732868517e-05 3.271255788926389398e-05 -8.267747963065411694e-05 -2.150426152290640155e-03 1.509481247030182438e-02 -2.933287677508182503e-04 7.436263244279838521e-05 -2.999951258473018754e-04 1.375245428990758535e-04 -3.109610159171103826e-05
-3.105543413718395498e-02 -1.646022567886294002e-02 9.256470716887810549e-03 2.670526072407671545e-04 4.465842568784730501e-03 -5.279040801573989944e-03 -5.345264505961495535e-03 -2.335254811041566955e-03 4.320622309585626757e-03 6.695195059471261388e-04 5.818885224326724881e+01 -3.290838698820184871e-01 -5.876471454822297602e+00 3.778809916011498959e+00 -8.923686290484299732e+00 6.382491314585098330e+00 7.188015933573190352e+00 2.730586178295562050e+00 1.245368123463547636e+04 7.176231832033678302e+02 -1.030158994979428755e+01 -1.458555725794268199e+02 -3.480374130950611433e-02 -4.154033214846221400e-02 1.332434662875225384e-01 -1.119309727149012633e-02 -1.037702501705619063e-01 -2.847025935510389960e-01 4.687987835586561979e-04 -1.264145453580382394e-03 -8.730523514406323760e-04 -3.403772160433194078e-04 6.298266413789283718e-04 -5.303044258308519526e-02 -6.927919238154010007e-01 -2.470568742714966161e-03 3.646886760567570520e-03 2.124782161953375596e-03 6.440557087946048413e-03 2.517510527860774335e-03
-5.133073118318930844e-02 -2.195695576350991524e-02 1.184666820424193009e-03 -4.962128531075653834e-04 2.233259669071194740e-03 -1.519588843515530356e-02 1.704979123055310949e-02 3.374232801856097918e-04 -5.284035080913801127e-03 -9.942043953766166973e-04 -2.165184544991776647e+02 -2.853505980695700828e-01 -1.131216545095854675e+00 -1.934109035669042131e-01 6.891149064936096025e+00 -1.070855545700979050e+01 5.115327340143334567e+01 8.152381148076517547e+01 7.176231832033678302e+02 1.268018327361879346e+04 1.130769482017518158e+03 -3.479246890516784561e+02 3.196351984841484112e-02 2.723520358966718957e-02 7.880988647377085154e-02 -2.874312309977764771e-03 4.485192885943083130e-02 -1.102748554417052995e+00 -6.897328822292061957e-05 -1.140788486827792924e-03 1.442867698624263062e-03 -7.335239120727148022e-04 -9.576825262362495192e-04 -7.617940724921068441e-02 -3.336104256483513608e-01 2.967034529462036184e-03 -8.632763799446396130e-04 -3.053283444278112515e-03 3.943473245817782219e-03 3.463938132471078551e-03
1.155200312752818542e-03 8.919297621824138697e-03 -5.370539232790603112e-04 3.803203221505364624e-04 -1.792705716312298012e-04 -5.248354899337521334e-03 5.613334615708579813e-03 2.296167803383463487e-03 -3.254099506831714282e-04 1.529041967839859552e-03 7.508118525874139095e+02 1.903584835035302125e-01 1.054857685103703169e+01 -1.284697121621966964e+01 2.820148081995751621e+00 6.094246324618422861e+00 -5.106520315194119064e+01 -3.579915635406219110e+01 -1.030158994979428755e+01 1.130769482017518158e+03 1.167202859929760234e+04 1.049488659315482892e+03 3.711857369935429168e-02 1.045118948427427828e-02 -1.425239280805868369e-01 7.450975751651330026e-02 -1.790807163448583823e-03 1.407061866764698077e-01 -2.577387952910483804e-04 8.701615305255668020e-05 8.588404994460517193e-04 3.061793309139017056e-04 -7.908579321929850832e-04 -3.010427987814314615e-02 -3.670147352694499432e-01 4.793679225008818344e-03 2.131942377245292627e-04 1.906641648155735398e-03 -5.082724479379203053e-04 1.162928155091759235e-03
-2.632106375432230819e-03 -3.873205100963609659e-03 -3.620333794923216763e-04 -3.345400271402498241e-04 3.842172851234637500e-04 -1.686237840831978198e-03 -1.773556121130666699e-02 1.187860585277818751e-04 -7.896783420150518427e-04 -7.615450638335398003e-05 -6.025443558245086706e+02 1.559442918100809317e-01 -4.141407003065471493e+00 3.954302800403694640e+00 2.557520339912783824e-01 2.436080223615838758e+00 1.217416721176540939e+01 -1.678993144662070236e+01 -1.458555725794268199e+02 -3.479246890516784561e+02 1.049488659315482892e+03 1.307503486349279956e+04 -9.492670957731734666e-05 6.055562060285981946e-04 5.749855721847241946e-02 2.357087156168734959e-02 2.371706054384905009e-04 7.190232681363422085e-01 7.881947251132559885e-04 -2.634305957681250363e-04 -6.175229913369496100e-04 1.130347769464297046e-03 -9.331888111871353099e-04 -4.117441859984375709e-03 -4.363883369557033376e-01 -1.709927442529628801e-03 -4.401430485299943039e-03 -4.672738502085171247e-03 -4.745794074499740806e-03 -3.488605408878769584e-04
2.322146146536735629e-06 -3.782301216842914830e-07 4.702157078660943410e-07 3.713612998500069182e-08 7.946556090199456968e-08 9.844310399876930301e-07 2.321559855434242976e-06 3.242302745933647645e-07 8.419721529964532509e-08 1.163445464011766097e-07 5.467836270203235011e-03 -9.256946504891356371e-05 7.664193802996606408e-04 -6.857740805021294824e-04 1.571009674743204887e-04 -6.762816680491556386e-04 4.175687217285333798e-04 -8.712645258928558047e-04 -3.480374130950611433e-02 3.196351984841484112e-02 3.711857369935429168e-02 -9.492670957731734666e-05 1.513144661741881464e-03 2.627874385958397715e-04 -1.641948993996384315e-05 -4.373033788864380089e-04 -3.377923365091557397e-05 8.548089990694063387e-05 -3.896499562223754218e-07 3.648139130133239364e-07 -3.044043901913575434e-07 -4.661071400095170217e-08 -2.692810556559989617e-07 -1.312350483381728162e-05 9.361546320236377124e-05 -1.555966418763430324e-06 1.612036307506880264e-06 -2.577681822137013974e-08 -9.582127572164723962e-07 -7.743824033251942504e-08
4.989556659399321463e-07 -1.383917207756444944e-06 -1.660361441012323336e-07 -3.869730667524228162e-08 6.654263953264705225e-10 1.032553143834284927e-06 4.031714280190481513e-07 -6.020760665943232337e-07 -1.125367014253165753e-07 -4.998785526960360648e-08 -2.052886473181586655e-03 -5.142947750658177254e-05 -3.346654900117414391e-06 -3.841002063237185932e-04 -1.819712932554010652e-05 -9.317279713047781770e-04 5.617778536236322411e-04 9.437701645289556978e-04 -4.154033214846221400e-02 2.723520358966718957e-02 1.045118948427427828e-02 6.055562060285981946e-04 2.627874385958397715e-04 9.200953782466281435e-04 9.731923009496977819e-06 7.291140585191357168e-04 -5.050333764886362205e-06 2.046951776056235041e-04 2.868421098491600788e-07 5.074327172762810716e-07 -3.281126699791336498e-07 7.871886894044415355e-08 1.461047662701423073e-07 8.498327280891363559e-06 5.482704383677999258e-05 8.468340785434462370e-09 4.483805911781124159e-07 -6.843956537943280903e-07 -3.022557675623853601e-07 -1.951988422747344837e-07
1.040583939183394271e-05 1.609717410430820934e-06 1.316486501279948483e-06 1.972172819678024006e-07 4.586014090219888359e-07 2.057922798056645467e-06 -2.320563917140160300e-05 1.456801092901231210e-07 4.943553390258731053e-08 6.780949729753742040e-07 -2.817880231770381397e-02 9.959113372661135689e-05 -1.107255967654799085e-03 1.749448373612805642e-03 -2.443105345890763183e-03 -1.038482499865135255e-03 -2.318014873840047382e-03 -4.250582440888727581e-03 1.332434662875225384e-01 7.880988647377085154e-02 -1.425239280805868369e-01 5.749855721847241946e-02 -1.641948993996384315e-05 9.731923009496977819e-06 8.191493959268833849e-03 -1.826549819913834483e-05 3.451580409033999750e-05 -4.261038346826188624e-04 1.477442662869481433e-06 -5.533417252986289972e-07 3.045062331026428291e-07 -7.892715164121522755e-07 -3.730027482271537826e-07 5.962248648983700753e-05 -7.946470720839588615e-05 -4.775116053651073491e-06 1.921185864569495712e-06 -8.315553644455282997e-07 -5.386279396006699614e-07 2.762697717548620923e-07
-8.216646641633989256e-06 -7.192710628250986012e-07 1.739980222862760607e-07 -7.311761398735867784e-08 4.137570103364481838e-07 -4.315373953183276828e-06 4.086505823187103878e-06 9.907645765082120808e-07 8.366203617262716411e-08 -1.743658132323129184e-07 -1.298911725560203574e-02 -6.249014669022095245e-06 -4.686440240176596001e-04 7.091837992617123186e-04 -4.113181706315311294e-04 -1.111570031092988493e-04 -9.782762203283991171e-04 -8.133857967346289205e-04 -1.119309727149012633e-02 -2.874312309977764771e-03 7.450975751651330026e-02 2.357087156168734959e-02 -4.373033788864380089e-04 7.291140585191357168e-04 -1.826549819913834483e-05 3.299149969873636616e-03 2.271947772237157322e-05 2.458013911321432483e-04 1.242084962299863020e-06 4.004626696231856124e-07 -3.224061311483305376e-08 9.194577298500393020e-07 -8.466576057290713604e-07 3.100184177612476047e-06 -2.219746352159066482e-04 1.069992736363812549e-06 -1.867754066564848962e-06 -1.510641727349316650e-06 -2.602585552015175414e-06 -2.752545491700474929e-07
-2.794818159788174878e-07 9.630544550524778823e-06 9.345639564101442876e-07 8.333026040044083037e-08 -7.402272951591206842e-08 -1.420036142840204363e-06 3.708404661352355761e-06 9.624563506803689958e-07 -4.900210305605307437e-07 -2.499997830884833866e-07 -1.828317423763199667e-02 7.254360392448680819e-05 1.301125106069529226e-03 -6.194430905497595426e-04 3.300063532709202594e-04 1.414502307823963087e-04 3.261934164907459295e-04 5.487404943345945176e-03 -1.037702501705619063e-01 4.485192885943083130e-02 -1.790807163448583823e-03 2.371706054384905009e-04 -3.377923365091557397e-05 -5.050333764886362205e-06 3.451580409033999750e-05 2.271947772237157322e-05 8.268465407395030053e-03 2.982403107251616558e-04 1.082265100137332657e-06 8.973633580941448946e-07 1.334507821055999453e-06 3.698116961422636953e-07 -1.561624653060871991e-07 -1.467424705333371695e-05 -4.649217715102573622e-05 3.437235648551806418e-06 -1.452003212168943934e-06 -9.804092793483305015e-07 4.995538796646816154e-07 -9.045967292708288124e-07
1.050051707765733858e-04 -4.923582242184922883e-06 1.102812661025872335e-06 3.174348749449379944e-07 -4.823733184172265503e-06 4.003240396526820417e-05 2.712744270182641646e-05 2.543475072745212466e-05 -1.072769304760980283e-06 8.165309258738815230e-08 -2.570969086673771664e-03 -4.893885042253433201e-05 6.804461257466557118e-03 -6.800026159131721502e-03 3.507793065340510281e-03 -1.336407827233352741e-03 1.429769347550650244e-02 6.811430987020494245e-03 -2.847025935510389960e-01 -1.102748554417052995e+00 1.407061866764698077e-01 7.190232681363422085e-01 8.548089990694063387e-05 2.046951776056235041e-04 -4.261038346826188624e-04 2.458013911321432483e-04 2.982403107251616558e-04 2.918335681842662566e-01 -2.428682248488307415e-06 -4.675754268766639992e-07 7.190449435523810764e-06 1.009092851213649799e-05 -8.576024340436855040e-07 -2.583542122930500826e-04 1.143736238127990431e-03 -3.389008122565617453e-05 -1.440456473427163361e-06 -1.047288923949387755e-05 2.745190609413719815e-06 -1.174448902543585166e-06
-1.782386773342643258e-07 1.030302145589352429e-07 -9.694293684081311091e-09 -1.036292627828860662e-09 -6.872674094356052456e-09 -8.794779799645002825e-08 1.135433647956789297e-06 -1.869633488400447763e-08 1.360567832892976137e-09 9.500658274061202961e-09 -2.487997844298897652e-04 3.754076389006814791e-06 -3.458411355806425088e-05 2.882046712231599875e-05 -1.690812209492325389e-05 6.562753982020382384e-06 9.503030489970214179e-05 1.677427755784417416e-04 4.687987835586561979e-04 -6.897328822292061957e-05 -2.577387952910483804e-04 7.881947251132559885e-04 -3.896499562223754218e-07 2.868421098491600788e-07 1.477442662869481433e-06 1.242084962299863020e-06 1.082265100137332657e-06 -2.428682248488307415e-06 3.736670630332300049e-06 3.138153648996024637e-07 1.140609630820937611e-08 -9.051979318578629697e-08 -9.473139649076087766e-09 1.861916582094347746e-06 -3.035178157925128082e-04 -3.829956026898357647e-07 4.390714848987233017e-07 1.571561645646444915e-07 -1.132847010292935746e-08 -3.241776885512790713e-07
3.129639831593377636e-07 2.455529132834152693e-07 2.979395059742697474e-08 3.633069987489199444e-09 -3.880126314636824516e-08 1.331030452471602719e-07 6.574089155394852269e-07 3.712435253650860263e-09 3.979308222557859087e-09 3.979875171541904680e-09 3.977868845369767750e-04 3.472694371222204300e-07 4.335822879559047401e-06 1.497971102342761165e-05 1.696589179812619071e-06 5.953744157458290822e-06 2.179951319814687302e-06 -7.213409819582257800e-05 -1.264145453580382394e-03 -1.140788486827792924e-03 8.701615305255668020e-05 -2.634305957681250363e-04 3.648139130133239364e-07 5.074327172762810716e-07 -5.533417252986289972e-07 4.004626696231856124e-07 8.973633580941448946e-07 -4.675754268766639992e-07 3.138153648996024637e-07 3.104527848453912988e-06 2.934012524921343568e-07 1.537629939755041016e-07 3.420285048961694335e-08 1.120867385812921379e-05 1.045651088889820317e-04 2.467830543742798821e-07 -1.648733953155116522e-06 4.866462228882430988e-07 5.501515849864465914e-07 5.492526972811130970e-07
1.791200565020881463e-07 7.793104034632187220e-08 1.348098507065041786e-08 5.580069014470833125e-09 -4.455295094557701107e-08 1.752616077920052948e-07 -1.493538400731372754e-07 -2.380484201236087969e-09 -1.509755201032121729e-09 -3.049459592392856461e-09 1.750177386141024650e-04 2.371779918549351788e-06 -1.917939691756279945e-05 2.550127462086845690e-05 5.640885269175512314e-06 -4.471269135233017309e-06 5.989328098455657615e-06 4.349429002732868517e-05 -8.730523514406323760e-04 1.442867698624263062e-03 8.588404994460517193e-04 -6.175229913369496100e-04 -3.044043901913575434e-07 -3.281126699791336498e-07 3.045062331026428291e-07 -3.224061311483305376e-08 1.334507821055999453e-06 7.190449435523810764e-06 1.140609630820937611e-08 2.934012524921343568e-07 3.356723202064782005e-06 2.475455219093248832e-07 6.373167705173189947e-08 1.105609034171718398e-05 1.721583691732049191e-04 2.194330024139102904e-08 4.944475772284748380e-07 -1.757163313776491296e-06 6.685643600844661645e-07 7.653833124739582771e-07
-5.342884510852416580e-08 6.731423586946822480e-08 -4.178912841866673251e-08 -1.811675085364419401e-09 -8.004430088188202837e-08 7.898638706309100187e-08 7.409713535363170769e-08 2.162602330338166030e-08 9.789764925954219250e-09 3.944277878853771707e-09 9.770436950380602305e-05 -3.354837948224646330e-06 1.207393181818554568e-05 -5.325874487404797471e-06 -3.101497524268316438e-05 -1.244413775120038792e-05 1.851152436604046298e-05 3.271255788926389398e-05 -3.403772160433194078e-04 -7.335239120727148022e-04 3.061793309139017056e-04 1.130347769464297046e-03 -4.661071400095170217e-08 7.871886894044415355e-08 -7.892715164121522755e-07 9.194577298500393020e-07 3.698116961422636953e-07 1.009092851213649799e-05 -9.051979318578629697e-08 1.537629939755041016e-07 2.475455219093248832e-07 3.507496626309917204e-06 1.293168274872201807e-07 1.016346779918645858e-06 7.628939058172869029e-05 -3.495645354343866471e-08 2.675900825558935973e-07 5.110278986954846072e-07 -1.398701731303486694e-06 6.658840205563686170e-07
-5.437632792834740577e-07 4.889476620355846185e-08 -5.121575935299719502e-08 -1.710082471299244517e-09 -7.239719241923313855e-08 -1.291761039804976469e-07 1.259663082535139535e-07 -6.580452834454559453e-09 8.888484934231177869e-09 7.897167210753721718e-09 1.363387488317212759e-04 2.294049054639413142e-06 8.051389483352311256e-06 1.444401912665440520e-05 -2.476383421899479637e-05 -1.761993835783412477e-05 3.818518313193872916e-06 -8.267747963065411694e-05 6.298266413789283718e-04 -9.576825262362495192e-04 -7.908579321929850832e-04 -9.331888111871353099e-04 -2.692810556559989617e-07 1.461047662701423073e-07 -3.730027482271537826e-07 -8.466576057290713604e-07 -1.561624653060871991e-07 -8.576024340436855040e-07 -9.473139649076087766e-09 3.420285048961694335e-08 6.373167705173189947e-08 1.293168274872201807e-07 3.913084492735454918e-06 -1.122009102231787303e-05 -9.002594169124025108e-05 -2.536257636714025099e-08 8.877548053390401092e-08 3.140795574775328748e-07 4.530699777178718470e-07 -9.870046367196962800e-07
8.077613917259934872e-05 6.267419981241091024e-05 1.192715488862728186e-05 9.241632735822044428e-07 1.307027343988847566e-05 -7.365362322287511084e-06 -6.715706612107778849e-04 -2.600426358816687380e-06 1.558403571697574273e-09 -9.957464039332755201e-08 -5.292804128490627771e-03 1.625052908091200474e-05 -1.475784159398006680e-03 -6.304710225477338234e-04 3.732327893905950798e-04 4.680965031398502029e-05 -1.629999486134418342e-03 -2.150426152290640155e-03 -5.303044258308519526e-02 -7.617940724921068441e-02 -3.010427987814314615e-02 -4.117441859984375709e-03 -1.312350483381728162e-05 8.498327280891363559e-06 5.962248648983700753e-05 3.100184177612476047e-06 -1.467424705333371695e-05 -2.583542122930500826e-04 1.861916582094347746e-06 1.120867385812921379e-05 1.105609034171718398e-05 1.016346779918645858e-06 -1.122009102231787303e-05 3.901875120584284273e-03 1.640260082682688803e-02 -5.963473588691329725e-06 -1.335007702133806552e-06 -7.224220500655812341e-06 -9.145968589055227034e-06 1.453534027490159560e-07
-3.690777786526843124e-04 2.079256709703040831e-04 4.180160691070058985e-06 3.024505382700283906e-07 2.712689981483922734e-05 -2.584021361898694103e-04 2.192590879939623674e-03 -3.945455788715836404e-05 8.322099052443867780e-07 -1.594421374914839378e-06 5.870801038230717001e-02 8.821999433364423413e-04 4.952054548150727938e-03 -1.565103358032926203e-02 5.856767868296339045e-03 -5.880381517950254797e-04 1.480374972022233983e-03 1.509481247030182438e-02 -6.927919238154010007e-01 -3.336104256483513608e-01 -3.670147352694499432e-01 -4.363883369557033376e-01 9.361546320236377124e-05 5.482704383677999258e-05 -7.946470720839588615e-05 -2.219746352159066482e-04 -4.649217715102573622e-05 1.143736238127990431e-03 -3.035178157925128082e-04 1.045651088889820317e-04 1.721583691732049191e-04 7.628939058172869029e-05 -9.002594169124025108e-05 1.640260082682688803e-02 3.590060357605694974e-01 -2.287220577087190120e-04 1.135171682366120915e-04 3.584577421121977844e-05 -4.025139069398830845e-05 8.273911462616327899e-05
-5.643176758018016097e-08 -2.707914071559408567e-07 6.110504856476318042e-08 -6.236666458803212012e-09 -8.567765284622550934e-09 4.230843939072784317e-08 2.076941566720699020e-06 1.900929250538363284e-08 1.082217157425227438e-09 -7.696996461800900140e-09 -2.378124642838540714e-04 -1.147204735431848953e-05 -2.628207649360879696e-05 2.120357312509839852e-05 -1.410264593183876945e-05 -7.144926811892291039e-05 -1.566963693453672028e-04 -2.933287677508182503e-04 -2.470568742714966161e-03 2.967034529462036184e-03 4.793679225008818344e-03 -1.709927442529628801e-03 -1.555966418763430324e-06 8.468340785434462370e-09 -4.775116053651073491e-06 1.069992736363812549e-06 3.437235648551806418e-06 -3.389008122565617453e-05 -3.829956026898357647e-07 2.467830543742798821e-07 2.194330024139102904e-08 -3.495645354343866471e-08 -2.536257636714025099e-08 -5.963473588691329725e-06 -2.287220577087190120e-04 2.427846967651948556e-05 5.253913614208637603e-07 2.935490826889263960e-07 1.832393889369991970e-07 -1.032750719351504691e-07
1.100996593706007839e-06 8.572746037086201613e-07 1.710257639664919092e-07 3.276549814405816484e-08 -6.259749042031939275e-08 3.777022813032761397e-07 9.917275289445362663e-07 -5.177519993900142155e-08 1.048764081031840878e-08 2.504397859027256668e-08 2.748249179322158711e-04 -1.732794521776015252e-06 -3.672398466360278442e-05 1.395902128872746729e-05 -1.819230991415023193e-05 4.736574797909203947e-06 -2.191745437841380450e-05 7.436263244279838521e-05 3.646886760567570520e-03 -8.632763799446396130e-04 2.131942377245292627e-04 -4.401430485299943039e-03 1.612036307506880264e-06 4.483805911781124159e-07 1.921185864569495712e-06 -1.867754066564848962e-06 -1.452003212168943934e-06 -1.440456473427163361e-06 4.390714848987233017e-07 -1.648733953155116522e-06 4.944475772284748380e-07 2.675900825558935973e-07 8.877548053390401092e-08 -1.335007702133806552e-06 1.135171682366120915e-04 5.253913614208637603e-07 2.006098298433136435e-05 1.584618568229206961e-06 1.496240050970845426e-06 1.159185263830139154e-06
3.027041346676586775e-07 8.908890044647835406e-07 1.124109019645022273e-07 3.219320867401254727e-08 -1.939732807079901290e-07 1.554755923225400987e-07 -3.461895053190427828e-06 5.273976203531507799e-08 2.394824269208975663e-10 4.233221186570348826e-09 7.128436563556099503e-04 -5.181555373388764699e-06 3.141516407532229493e-05 -1.801463716909041220e-05 -1.645206760828713720e-05 -1.514867023103478639e-05 -9.740070155462981496e-05 -2.999951258473018754e-04 2.124782161953375596e-03 -3.053283444278112515e-03 1.906641648155735398e-03 -4.672738502085171247e-03 -2.577681822137013974e-08 -6.843956537943280903e-07 -8.315553644455282997e-07 -1.510641727349316650e-06 -9.804092793483305015e-07 -1.047288923949387755e-05 1.571561645646444915e-07 4.866462228882430988e-07 -1.757163313776491296e-06 5.110278986954846072e-07 3.140795574775328748e-07 -7.224220500655812341e-06 3.584577421121977844e-05 2.935490826889263960e-07 1.584618568229206961e-06 1.665056773724080008e-05 3.230121293409835463e-06 3.218538744342581751e-06
