# logA ns H0 omegab omegam omegam_growth LSST_DZ_S1 LSST_DZ_S2 LSST_DZ_S3 LSST_DZ_S4 LSST_DZ_S5 LSST_A1_1 LSST_A1_2 LSST_M1 LSST_M2 LSST_M3 LSST_M4 LSST_M5
5.927808010374675633e-03 4.303071548779934582e-04 -4.856914628791891841e-02 2.679501702336219523e-05 -4.920230996295268120e-04 -5.599140081729519049e-04 6.550803690852129194e-06 5.529706053110800814e-06 6.345108286473760159e-06 2.992612529808795733e-06 -1.154547802930968929e-05 -7.046871106081615838e-04 -2.872516807633134286e-03 4.082815492301053277e-06 1.865919422496967677e-05 1.422847638490415865e-05 -4.650356234704239110e-06 -6.860508752411184380e-05
4.303071548779934582e-04 2.697831257619803672e-04 -3.031375932453459279e-03 1.230145958375821933e-05 -5.188403438946436640e-05 -3.478470878196562562e-05 -1.934671049416825541e-06 8.796705771120846160e-10 7.200457798787344590e-07 1.200591202434085644e-07 -3.184129448109805673e-07 4.570067802692326158e-04 -1.583906950726501591e-03 -6.871681790882995222e-07 7.339704744151743897e-07 9.838003120237669787e-07 2.277003775056619709e-06 4.801006677867246374e-06
-4.856914628791891841e-02 -3.031375932453459279e-03 7.212876327884750083e+00 9.529081361818313167e-03 -9.366328370657357391e-03 -1.228218005603831132e-02 -9.227793562973235226e-05 -9.244033995102763073e-05 2.421573991476863716e-04 1.809344677785300963e-05 1.547338026233127260e-04 -4.354550618774338105e-02 7.824252912825721551e-02 -4.143150157132869743e-05 1.871985684980215182e-04 2.879147615984562381e-04 3.195751027248585154e-04 -5.037790425133329038e-04
2.679501702336219523e-05 1.230145958375821933e-05 9.529081361818313167e-03 1.861021940029198432e-05 -1.587499522432099847e-05 -1.545826326986068154e-05 -1.987686740082033089e-07 -1.320173546772703630e-07 5.354706539908182223e-07 1.278527468862799329e-07 -3.870075303399598260e-09 -3.074915689701571901e-04 4.514381098612386197e-05 4.155784821668672960e-08 3.645085349850946611e-07 4.664222559232895677e-07 5.473984898421167312e-07 -7.916574240349295301e-07
-4.920230996295268120e-04 -5.188403438946436640e-05 -9.366328370657357391e-03 -1.587499522432099847e-05 8.242281762537585603e-05 6.385172384105246789e-05 -4.052111800675974700e-07 -5.803271305813588672e-07 -1.266564279126575936e-06 -5.931601668493793532e-07 3.861167277611870098e-07 -1.573690436642839708e-04 -1.745902323231253444e-05 9.799523930074754979e-08 -2.542218240748925016e-06 -2.925531724847054202e-06 -1.823229918957459648e-06 4.550779606706829133e-06
-5.599140081729519049e-04 -3.478470878196562562e-05 -1.228218005603831132e-02 -1.545826326986068154e-05 6.385172384105246789e-05 4.420912561647474337e-04 7.337472722465290648e-07 4.014023435496278311e-07 -8.024616470928257511e-07 6.133693925383484762e-07 1.580143531936219333e-06 -6.875199531194837706e-04 1.984580851650807713e-03 6.913783746292259080e-07 -3.526588154163087144e-06 -3.905088901599138135e-06 -6.230281568492337197e-07 1.803516186002155684e-05
6.550803690852129194e-06 -1.934671049416825541e-06 -9.227793562973235226e-05 -1.987686740082033089e-07 -4.052111800675975230e-07 7.337472722465290648e-07 3.557412955989440476e-06 8.524614286453114586e-08 -8.768063493488114816e-09 5.113249010875347332e-08 -3.988940497981258512e-08 6.205865701635620451e-05 1.403643663754086082e-04 -4.470098757292081236e-07 4.685575132955874858e-07 2.265136676402386633e-07 7.440646660077897041e-08 -2.943798257263070024e-07
5.529706053110800814e-06 8.796705771121332128e-10 -9.244033995102763073e-05 -1.320173546772703630e-07 -5.803271305813588672e-07 4.014023435496278311e-07 8.524614286453114586e-08 3.526726996999546455e-06 2.191515889598070630e-07 1.453111983320614795e-07 7.528007027059309587e-10 -3.167032922483753953e-04 2.615609792089630290e-04 2.479411617701091322e-07 -1.196430503132299875e-06 2.126872032842895084e-07 3.956826991629419846e-07 2.002464727812280662e-07
6.345108286473760159e-06 7.200457798787344590e-07 2.421573991476863716e-04 5.354706539908182223e-07 -1.266564279126575936e-06 -8.024616470928257511e-07 -8.768063493488114816e-09 2.191515889598070630e-07 3.572371035079500344e-06 1.235958003790065925e-07 6.236057629400698444e-08 -1.373349319495346032e-04 1.408070491242426330e-04 -3.679739350037602547e-09 2.591232005484405666e-07 -1.198813752824963481e-06 5.091317013277365653e-07 3.850323047270686179e-07
2.992612529808795733e-06 1.200591202434085644e-07 1.809344677785300963e-05 1.278527468862799329e-07 -5.931601668493793532e-07 6.133693925383484762e-07 5.113249010875347332e-08 1.453111983320614795e-07 1.235958003790065925e-07 3.661125983642296085e-06 8.622339706772937788e-08 -1.021923092452509753e-04 1.076947939354603190e-04 3.277238996899565845e-08 1.006522731088064291e-07 2.974274518121712435e-07 -1.048486000998059381e-06 5.096605041243075386e-07
-1.154547802930968929e-05 -3.184129448109805673e-07 1.547338026233127260e-04 -3.870075303399598260e-09 3.861167277611870098e-07 1.580143531936219121e-06 -3.988940497981258512e-08 7.528007027059309587e-10 6.236057629400701091e-08 8.622339706772937788e-08 3.845919939874033294e-06 -1.076000568088808584e-05 -1.089962435667575540e-04 -3.957065030099354662e-08 -4.492483548641541706e-08 1.787368272669322181e-07 3.848811717105710181e-07 -3.644605657676397093e-07
-7.046871106081615838e-04 4.570067802692326158e-04 -4.354550618774340881e-02 -3.074915689701571901e-04 -1.573690436642839708e-04 -6.875199531194837706e-04 6.205865701635620451e-05 -3.167032922483753953e-04 -1.373349319495346032e-04 -1.021923092452509753e-04 -1.076000568088808584e-05 8.567327925574904413e+00 -2.699379716800900386e-01 -6.143329934217632397e-05 1.140830836133722602e-04 8.472101804661039354e-05 -3.745580025827955099e-05 -7.934597840365798481e-05
-2.872516807633134286e-03 -1.583906950726501591e-03 7.824252912825721551e-02 4.514381098612386197e-05 -1.745902323231253444e-05 1.984580851650807713e-03 1.403643663754085540e-04 2.615609792089630290e-04 1.408070491242426330e-04 1.076947939354603190e-04 -1.089962435667575540e-04 -2.699379716800900386e-01 8.245790264643664713e+00 -4.409667327751972028e-05 -1.661249198404493848e-04 -3.423125904150239846e-05 9.290163197664908304e-05 2.414157071422027635e-04
4.082815492301054124e-06 -6.871681790882995222e-07 -4.143150157132869743e-05 4.155784821668672960e-08 9.799523930074754979e-08 6.913783746292259080e-07 -4.470098757292081236e-07 2.479411617701091322e-07 -3.679739350037608751e-09 3.277238996899565845e-08 -3.957065030099354662e-08 -6.143329934217632397e-05 -4.409667327751972028e-05 2.419746819284777136e-05 1.911827645335805598e-07 3.876883454538183672e-07 1.879465227604605902e-07 -3.244264688524968919e-07
1.865919422496967677e-05 7.339704744151743897e-07 1.871985684980215182e-04 3.645085349850946611e-07 -2.542218240748925016e-06 -3.526588154163087144e-06 4.685575132955874858e-07 -1.196430503132299875e-06 2.591232005484405666e-07 1.006522731088064291e-07 -4.492483548641541706e-08 1.140830836133722602e-04 -1.661249198404493848e-04 1.911827645335805598e-07 2.213602616372770172e-05 1.040427305622382311e-06 1.062715135625625480e-06 5.616516953116886008e-07
1.422847638490415865e-05 9.838003120237669787e-07 2.879147615984562381e-04 4.664222559232895677e-07 -2.925531724847054202e-06 -3.905088901599138135e-06 2.265136676402386633e-07 2.126872032842895084e-07 -1.198813752824963481e-06 2.974274518121712435e-07 1.787368272669322181e-07 8.472101804661039354e-05 -3.423125904150239846e-05 3.876883454538183672e-07 1.040427305622382311e-06 1.944880188609204061e-05 2.089501483218174137e-06 2.108940405422617954e-06
-4.650356234704239110e-06 2.277003775056619709e-06 3.195751027248585154e-04 5.473984898421167312e-07 -1.823229918957459648e-06 -6.230281568492337197e-07 7.440646660077897041e-08 3.956826991629419846e-07 5.091317013277365653e-07 -1.048486000998059381e-06 3.848811717105710181e-07 -3.745580025827952388e-05 9.290163197664908304e-05 1.879465227604605902e-07 1.062715135625625480e-06 2.089501483218174137e-06 1.768171189625086109e-05 4.513510908322156527e-06
-6.860508752411184380e-05 4.801006677867246374e-06 -5.037790425133329038e-04 -7.916574240349295301e-07 4.550779606706829133e-06 1.803516186002155684e-05 -2.943798257263070024e-07 2.002464727812280662e-07 3.850323047270686179e-07 5.096605041243075386e-07 -3.644605657676397093e-07 -7.934597840365798481e-05 2.414157071422027635e-04 -3.244264688524968919e-07 5.616516953116886008e-07 2.108940405422617954e-06 4.513510908322156527e-06 1.854565947925187395e-05
