# logA ns H0 omegab omegam omegam_growth LSST_DZ_S1 LSST_DZ_S2 LSST_DZ_S3 LSST_DZ_S4 LSST_DZ_S5 LSST_A1_1 LSST_A1_2 LSST_M1 LSST_M2 LSST_M3 LSST_M4 LSST_M5
6.899085183700525391e-03 1.018338610468570802e-03 -9.778833891569699288e-02 -1.789876841662940926e-05 -5.383201760569216550e-04 -1.127776634289718661e-03 2.613914982722111686e-06 4.851017042473598568e-06 1.076262458047026750e-05 2.685809918675516353e-06 -7.423865258557263136e-06 -4.431729505655364180e-04 -1.165847431246447817e-02 4.061348124961310456e-06 2.463411033839422881e-05 3.183219817566450727e-05 4.999602247202121285e-06 -9.183513840174516033e-05
1.018338610468570802e-03 4.396606706977275285e-04 -3.211658585866614124e-02 3.013170314352322743e-05 1.053877922358912785e-05 3.282128086835805434e-05 1.204135304403867632e-06 -1.192820211777508041e-06 -2.172143690406785758e-08 -9.320765911501183134e-07 7.779437274146167085e-07 7.283250727193974156e-05 2.995498737784893701e-04 -5.991842274397568250e-07 -2.485351513795315484e-07 5.012188160500663877e-08 1.786613249969641458e-06 7.020280642619653961e-06
-9.778833891569699288e-02 -3.211658585866614124e-02 8.685786418223159444e+00 5.938722965979873793e-03 -1.287919144212726699e-02 -1.652896749513261057e-02 -1.289763261843692756e-04 1.841123929196769127e-04 1.695199135025125944e-05 2.723431347910424002e-04 -3.463541990331443473e-04 -6.639348577945486385e-03 -1.234556907393573183e-01 9.791063060926355455e-05 5.496638313624834524e-04 7.057106828384942078e-04 1.247479943119718187e-04 -1.479974368648391330e-03
-1.789876841662940926e-05 3.013170314352322743e-05 5.938722965979873793e-03 2.998360878478018008e-05 1.878016893706077172e-05 3.033304959445266548e-05 -4.499735009101299693e-08 -1.965941934498012612e-07 -6.076970766057472508e-07 -1.235882719134144544e-07 -1.187946263320104514e-07 -1.413783233347528697e-05 1.091930719116764796e-04 -1.563709745706576666e-07 -1.213085451363906670e-06 -1.060669564376904027e-06 -3.743847503799535361e-07 1.970157375776110311e-06
-5.383201760569216550e-04 1.053877922358912785e-05 -1.287919144212726699e-02 1.878016893706077172e-05 1.491028182425523237e-04 2.229234126499016417e-04 -9.893986787135768722e-08 -1.535936935166314522e-06 -2.476939188909273156e-06 -1.770214223779400794e-06 1.676518809044403268e-06 1.090434926425069406e-04 2.121579076232103702e-03 -1.115046276071527128e-06 -7.584111179554094170e-06 -9.215564668634982975e-06 -3.469145133710376978e-06 1.667699731358458535e-05
-1.127776634289718661e-03 3.282128086835805434e-05 -1.652896749513261057e-02 3.033304959445266548e-05 2.229234126499016417e-04 8.001186421979222807e-04 1.490009764955495282e-06 -2.751788154113557128e-06 -4.548253892325990122e-06 -3.060018748624445141e-06 5.571257678748711402e-06 -5.751077688994337550e-04 5.378417176624987125e-03 -1.294388529230257062e-06 -8.507809681300293464e-06 -1.427752351627551045e-05 -4.246552138653069124e-06 3.765905953053387675e-05
2.613914982722111686e-06 1.204135304403867632e-06 -1.289763261843692756e-04 -4.499735009101299693e-08 -9.893986787135768722e-08 1.490009764955495282e-06 3.575427093008684230e-06 3.033737135565706508e-07 3.274339928593849605e-09 -3.459669392252419300e-09 8.150473948627260912e-08 -3.311307527091968983e-06 -3.182390570563407178e-04 -3.402904077932637515e-07 4.887145503776148330e-07 2.250079196421208240e-07 -3.409545665867164147e-08 -1.752182707955166427e-07
4.851017042473598568e-06 -1.192820211777508041e-06 1.841123929196769127e-04 -1.965941934498012612e-07 -1.535936935166314522e-06 -2.751788154113557128e-06 3.033737135565706508e-07 2.913311491573390471e-06 2.246577523228482749e-07 2.188935046521165861e-07 -2.928599757738375135e-08 1.425503745202421562e-05 7.887280432114779762e-05 3.048157319008363988e-07 -1.578949924746687154e-06 6.285831938726087066e-07 3.860298920754062628e-07 2.500593828266299737e-07
1.076262458047026750e-05 -2.172143690406785758e-08 1.695199135025125944e-05 -6.076970766057472508e-07 -2.476939188909273156e-06 -4.548253892325990122e-06 3.274339928593839265e-09 2.246577523228482749e-07 3.490214148647706748e-06 3.522274261313050936e-07 5.363650266565618004e-08 8.456575706822658118e-06 1.036009231862383901e-04 -6.418160106012056602e-08 6.054131159859360702e-07 -1.590086764132488957e-06 8.325016157065015045e-07 6.471985690691649209e-07
2.685809918675515929e-06 -9.320765911501183134e-07 2.723431347910424002e-04 -1.235882719134144544e-07 -1.770214223779400794e-06 -3.060018748624445141e-06 -3.459669392252419300e-09 2.188935046521165861e-07 3.522274261313050936e-07 3.654322477093456117e-06 1.992396950252137966e-07 1.359508844345951884e-07 3.511581775079629603e-05 -9.052527322943312374e-08 3.875884673432172634e-07 7.283117540523428755e-07 -1.318078204138416676e-06 6.353550564732844290e-07
-7.423865258557263136e-06 7.779437274146167085e-07 -3.463541990331443473e-04 -1.187946263320104514e-07 1.676518809044403268e-06 5.571257678748711402e-06 8.150473948627259588e-08 -2.928599757738375135e-08 5.363650266565616681e-08 1.992396950252137966e-07 4.064603852415739875e-06 -1.780242021849682662e-05 -1.018540872629703322e-04 5.038882534289556923e-08 6.544967660524580068e-08 1.177733877667357255e-07 3.374968173524694071e-07 -7.217581690615681790e-07
-4.431729505655364180e-04 7.283250727193974156e-05 -6.639348577945486385e-03 -1.413783233347528697e-05 1.090434926425069406e-04 -5.751077688994337550e-04 -3.311307527091968983e-06 1.425503745202421562e-05 8.456575706822658118e-06 1.359508844345955325e-07 -1.780242021849682662e-05 4.386178789464627477e-03 2.069835086898700813e-02 -4.387276406032970414e-06 -1.460581391815915651e-05 -1.311495998386559737e-05 -1.673871063294506850e-05 5.652134867825094809e-06
-1.165847431246447817e-02 2.995498737784893701e-04 -1.234556907393573183e-01 1.091930719116764796e-04 2.121579076232103702e-03 5.378417176624987125e-03 -3.182390570563407178e-04 7.887280432114779762e-05 1.036009231862383901e-04 3.511581775079629603e-05 -1.018540872629703322e-04 2.069835086898700813e-02 4.021254943463433706e-01 -2.969500050842249056e-04 -4.725595170065801254e-05 -4.125875243275219643e-05 -6.228616037560104357e-05 3.812560286136673811e-04
4.061348124961309608e-06 -5.991842274397568250e-07 9.791063060926355455e-05 -1.563709745706577195e-07 -1.115046276071527128e-06 -1.294388529230257062e-06 -3.402904077932637515e-07 3.048157319008363459e-07 -6.418160106012056602e-08 -9.052527322943312374e-08 5.038882534289558247e-08 -4.387276406032970414e-06 -2.969500050842249056e-04 2.417199803109266470e-05 6.591483781917730391e-07 3.058588191035533425e-07 6.881592823147385756e-08 -2.756579374446486244e-07
2.463411033839422881e-05 -2.485351513795315484e-07 5.496638313624834524e-04 -1.213085451363906670e-06 -7.584111179554094170e-06 -8.507809681300293464e-06 4.887145503776148330e-07 -1.578949924746687154e-06 6.054131159859360702e-07 3.875884673432172634e-07 6.544967660524580068e-08 -1.460581391815915651e-05 -4.725595170065801254e-05 6.591483781917729332e-07 2.051979033963867240e-05 2.233343964444677149e-06 1.970668162387885563e-06 6.158910334018154694e-07
3.183219817566450727e-05 5.012188160500663877e-08 7.057106828384942078e-04 -1.060669564376904027e-06 -9.215564668634982975e-06 -1.427752351627551045e-05 2.250079196421208240e-07 6.285831938726087066e-07 -1.590086764132488957e-06 7.283117540523428755e-07 1.177733877667357652e-07 -1.311495998386559737e-05 -4.125875243275219643e-05 3.058588191035533425e-07 2.233343964444677149e-06 1.689965286650141902e-05 3.200464060333924280e-06 2.213852004407283568e-06
4.999602247202121285e-06 1.786613249969641458e-06 1.247479943119718187e-04 -3.743847503799535361e-07 -3.469145133710376978e-06 -4.246552138653069124e-06 -3.409545665867164147e-08 3.860298920754062628e-07 8.325016157065015045e-07 -1.318078204138416676e-06 3.374968173524694071e-07 -1.673871063294506850e-05 -6.228616037560104357e-05 6.881592823147389726e-08 1.970668162387885563e-06 3.200464060333924280e-06 1.429524587636613838e-05 5.336477584194162466e-06
-9.183513840174516033e-05 7.020280642619653961e-06 -1.479974368648391330e-03 1.970157375776110311e-06 1.667699731358458535e-05 3.765905953053387675e-05 -1.752182707955166427e-07 2.500593828266299737e-07 6.471985690691649209e-07 6.353550564732844290e-07 -7.217581690615681790e-07 5.652134867825094809e-06 3.812560286136673811e-04 -2.756579374446486244e-07 6.158910334018154694e-07 2.213852004407283568e-06 5.336477584194162466e-06 1.644629579232492731e-05
