# logA ns H0 omegab omegam omegam_growth LSST_DZ_S1 LSST_DZ_S2 LSST_DZ_S3 LSST_DZ_S4 LSST_DZ_S5 LSST_A1_1 LSST_A1_2 LSST_DZ_L1 LSST_DZ_L2 LSST_DZ_L3 LSST_DZ_L4 LSST_DZ_L5 LSST_B1_1 LSST_B1_2 LSST_B1_3 LSST_B1_4 LSST_B1_5 LSST_M1 LSST_M2 LSST_M3 LSST_M4 LSST_M5
4.449786166186885279e-03 9.329758643757609131e-04 -1.337104265944472903e-01 -9.617894789899758871e-05 -2.092394210866092461e-04 -4.679800426559348300e-04 -8.863596965450100220e-07 5.007654761645585686e-06 1.140138190455410800e-06 -3.064040461304575192e-06 -6.364857545765275932e-06 3.614197504355507861e-03 -3.254721669011035722e-03 1.887627952245560044e-05 1.827266411253919304e-05 1.482226655569041260e-05 5.181835466388199218e-06 -1.227574143479496859e-05 -4.820260331564278351e-04 -5.890109191005474601e-04 -7.223159141151512617e-04 -7.650384703799894106e-04 -9.283857700268268029e-04 2.045907150506502057e-06 7.496703160905630868e-06 8.540367235858228444e-06 -2.700648925833397779e-06 -3.451143346762381689e-05
9.329758643757609131e-04 3.776969387643804780e-04 -3.454995080685029779e-02 -5.028281509753150508e-07 -1.494218306788279335e-05 6.758637195510014276e-05 -7.172355040496216568e-07 -4.490414304289078404e-07 -6.660384904990340423e-07 -3.219158603919186545e-08 2.265292726784927029e-06 1.727699475005269351e-03 -9.918590114183878197e-04 -1.255569179311532788e-06 -1.247222718054371396e-06 2.832802506458765849e-07 9.827752681168249051e-07 -4.657494634141854830e-06 -2.531345076866200718e-05 -1.086991131444323208e-05 -1.855967151455034626e-06 3.718124192723752924e-05 4.838587502153256546e-05 -9.700974446076293323e-07 5.868261048569478616e-07 1.818730605271031702e-06 4.034720974368719106e-06 7.576614426230165998e-06
-1.337104265944472903e-01 -3.454995080685029779e-02 9.241551926703822417e+00 7.698492990598380589e-03 -7.547845347557203578e-03 -1.152582332095851772e-02 9.800682024419473293e-05 1.716625051714027535e-04 1.259179146169307425e-04 8.391105175271564183e-05 -1.356443465267190805e-04 -3.932962616885310458e-01 -1.634763251685887424e-03 4.555593248815442676e-04 7.415450196309627921e-04 8.786710183607577152e-04 2.916348356557655393e-04 9.650158720360630998e-04 -2.007716756829985155e-02 -1.858131057619049134e-02 -1.574950420451265085e-02 -2.048346883578731209e-02 -2.063729138209321329e-02 1.014284058274230366e-04 2.890403567018857587e-04 2.018006989397113369e-04 -1.383417974353283778e-04 -9.065975134766948457e-04
-9.617894789899758871e-05 -5.028281509753150508e-07 7.698492990598380589e-03 2.078984201121026113e-05 1.070826931707824807e-05 1.815860082707731105e-05 -4.350774239574962721e-08 -1.196395501831647737e-07 2.225928125519222808e-08 3.017646629472058238e-08 2.447510658767375092e-07 -5.605925127617050058e-04 1.623784506393950993e-04 -4.712213746439404545e-07 -9.604576899391432211e-07 -7.549062392762049937e-07 -1.077728803650011656e-06 -6.978925662157043004e-07 2.483600608877289549e-05 2.352121447303695317e-05 3.064471567719190704e-05 2.707499355158148385e-05 3.229308363428748781e-05 5.122300792694906362e-08 -2.807481959541880543e-07 -7.642477729972887526e-07 -4.988086646874927849e-07 6.218583360679088384e-07
-2.092394210866092461e-04 -1.494218306788279335e-05 -7.547845347557203578e-03 1.070826931707824807e-05 7.738177399710179940e-05 1.045904943996856331e-04 -3.184531331941224076e-07 -1.488637560634519274e-06 -6.732589530637235016e-07 -1.018978999920650465e-07 1.121938510916092756e-06 9.716990774498637372e-05 8.491320697510584999e-04 -4.573528777906251578e-06 -6.640209105165406757e-06 -6.741707663500961253e-06 -3.640923537662047185e-06 -2.976694279952034029e-06 1.863334728541769087e-04 1.876393166225835631e-04 2.000868795371032864e-04 2.135343789584991082e-04 2.382302787488051806e-04 -4.867427140712855264e-07 -3.007978980202747737e-06 -4.092159265148785901e-06 -1.838808101358485022e-06 5.633856582958341349e-06
-4.679800426559348300e-04 6.758637195510014276e-05 -1.152582332095851772e-02 1.815860082707731105e-05 1.045904943996856331e-04 5.664001380714159522e-04 2.857637066618909990e-06 -2.747680388679051890e-06 -1.374596594619357128e-06 1.209227631003247437e-07 5.097886999193651098e-06 1.151243708632684144e-03 2.854495704405850243e-04 -7.134039610590482037e-06 -1.118767405272812133e-05 -1.059561679576645711e-05 -6.218527137057819656e-06 -9.457101628171020216e-06 2.377739775106229984e-04 2.470067713213331111e-04 2.841917443465263003e-04 3.516636764846955152e-04 4.207224072114817666e-04 1.924305217968468373e-06 -1.615501513896060395e-06 -7.134035388479786409e-06 -2.213078467147245203e-06 1.561756906636056202e-05
-8.863596965450100220e-07 -7.172355040496216568e-07 9.800682024419474648e-05 -4.350774239574961398e-08 -3.184531331941224076e-07 2.857637066618909990e-06 3.114990442153684478e-06 2.848915591014706785e-07 9.559761069904494399e-08 -3.048763582946384203e-09 4.131375880957368694e-08 -4.068124437453478744e-05 7.212577600454446816e-05 6.949966000154892327e-07 3.930958181517529569e-07 1.692322527271761214e-07 -9.982590459260541829e-09 4.622774519804223746e-09 -3.115727820847972937e-06 -1.975945146693176695e-06 -2.083919300729431095e-06 -1.996563450878164214e-06 -2.098281648703015127e-06 -1.012246317295109676e-06 5.791580224014134441e-07 4.184946784819758946e-07 1.329763018563214765e-07 -1.746720468531962754e-07
5.007654761645584839e-06 -4.490414304289078404e-07 1.716625051714027535e-04 -1.196395501831647737e-07 -1.488637560634519274e-06 -2.747680388679051890e-06 2.848915591014706785e-07 3.077253237554756016e-06 1.839326389599594265e-07 9.622329818456398907e-08 2.212808727617163724e-10 -8.326727733780736986e-05 1.884421086119935539e-05 6.031285622209806784e-07 4.999039648144389633e-07 2.512876053476143969e-07 3.050573780279781050e-07 1.450657587726909887e-07 -1.460036118217292899e-06 -4.058515039506425122e-06 -4.546862627714896329e-06 -4.114412935530876166e-06 -5.799657390030244525e-06 3.161942793063124571e-07 -1.770282056866725127e-06 6.670679063146266605e-07 5.482616541369079785e-07 3.005111464864965598e-07
1.140138190455410800e-06 -6.660384904990340423e-07 1.259179146169307425e-04 2.225928125519221815e-08 -6.732589530637235016e-07 -1.374596594619357128e-06 9.559761069904494399e-08 1.839326389599594265e-07 3.148926818414332220e-06 1.795419228594145727e-07 1.351273091178992294e-07 3.130081509331590330e-05 5.304119340383183162e-05 1.464789505883589599e-07 4.857790615470597574e-07 5.116914810215240835e-07 4.977973457995032102e-09 1.751811833400600785e-07 1.185547749430632833e-06 -2.210364992327215661e-07 -5.452729949600746488e-07 -2.173420972029419646e-06 -2.024602655710340947e-06 1.000585758018760621e-07 3.577151300857773514e-07 -1.739347733305616108e-06 6.177533750015877599e-07 5.544051579631893355e-07
-3.064040461304575192e-06 -3.219158603919182575e-08 8.391105175271564183e-05 3.017646629472056252e-08 -1.018978999920650200e-07 1.209227631003247437e-07 -3.048763582946387925e-09 9.622329818456400231e-08 1.795419228594145727e-07 3.387377384638141998e-06 1.519980705196023011e-07 7.384641990820264813e-05 7.894653895023986414e-05 -3.424276060596409539e-09 1.573611601771952428e-07 1.901800235138609056e-07 6.187948297557166462e-07 3.157533257763882649e-08 2.084378966425119949e-06 1.151076835925578751e-06 1.400988964758519276e-06 2.118308575339450134e-06 1.148052914757482873e-06 8.725932350945406188e-08 2.116001241575965567e-07 3.611322866746143476e-07 -1.502412526338141398e-06 6.185516986237710587e-07
-6.364857545765275932e-06 2.265292726784927029e-06 -1.356443465267190805e-04 2.447510658767375092e-07 1.121938510916092756e-06 5.097886999193651098e-06 4.131375880957368032e-08 2.212808727617090053e-10 1.351273091178992294e-07 1.519980705196023011e-07 3.978702734219343930e-06 1.184550536492944661e-05 7.830600145496823146e-05 -3.358943413188205373e-08 2.605176000983485013e-08 -7.631106159172429685e-08 5.948820436909795045e-08 4.412934069229966851e-07 3.432464994955685704e-06 5.672491929245085757e-06 5.568289820010429129e-06 7.023160057736583450e-06 7.794883765962480978e-06 -9.889110406706096358e-08 1.712619650873288858e-08 8.582795990249559542e-08 3.817968640533571436e-07 -5.874817824041146241e-07
3.614197504355507861e-03 1.727699475005269351e-03 -3.932962616885309348e-01 -5.605925127617050058e-04 9.716990774498625175e-05 1.151243708632684144e-03 -4.068124437453479421e-05 -8.326727733780736986e-05 3.130081509331591007e-05 7.384641990820264813e-05 1.184550536492946355e-05 8.404885905375973465e+00 1.462264323103292241e-01 1.520167109878266265e-04 -1.061111033530175109e-05 1.563600044903255110e-04 1.086309246180100540e-04 9.268881501331894970e-05 1.360156492430146741e-03 1.432442223726513144e-03 7.930647112623428682e-04 1.121906834428657235e-03 1.540721231143617805e-03 1.127241744513488746e-04 -2.990582157795883183e-05 6.330944449157892456e-06 2.963254920213361353e-05 1.441494405619906619e-04
-3.254721669011035722e-03 -9.918590114183878197e-04 -1.634763251685866824e-03 1.623784506393951264e-04 8.491320697510584999e-04 2.854495704405850243e-04 7.212577600454446816e-05 1.884421086119935539e-05 5.304119340383185195e-05 7.894653895023986414e-05 7.830600145496823146e-05 1.462264323103292241e-01 8.388366688117185888e+00 -6.015393561654829182e-06 6.923110753581574372e-05 -2.326003817618351593e-04 2.499621582595545801e-05 -1.449249637515434379e-04 2.647514522425928156e-03 1.437317828948308455e-03 -1.330936515594885808e-04 2.235177014065827146e-03 2.426245585373152346e-03 7.472863095979270754e-05 -7.282682645555641290e-05 -1.102682199554622051e-05 -2.727006509448333968e-05 2.726066458174341022e-05
1.887627952245560044e-05 -1.255569179311532999e-06 4.555593248815442676e-04 -4.712213746439404545e-07 -4.573528777906251578e-06 -7.134039610590482037e-06 6.949966000154892327e-07 6.031285622209806784e-07 1.464789505883589599e-07 -3.424276060596409539e-09 -3.358943413188205373e-08 1.520167109878266265e-04 -6.015393561654829182e-06 9.024643185036601369e-06 3.367258894086868075e-08 9.803531699017502382e-07 5.739741742254929266e-07 4.484063660499281216e-07 8.752243777672729359e-06 -2.135326213691692338e-05 -2.056482040041588419e-05 -1.808304656674734485e-05 -2.016066614870828426e-05 4.626926506926811512e-07 6.412222446905256185e-07 5.397153572564249415e-07 -1.637926786661409744e-07 -1.275295145439424767e-06
1.827266411253919304e-05 -1.247222718054371396e-06 7.415450196309627921e-04 -9.604576899391432211e-07 -6.640209105165406757e-06 -1.118767405272812133e-05 3.930958181517530098e-07 4.999039648144389633e-07 4.857790615470597574e-07 1.573611601771952957e-07 2.605176000983480711e-08 -1.061111033530176972e-05 6.923110753581574372e-05 3.367258894086868075e-08 1.168061533001990352e-05 1.939034895147371174e-07 1.548649541296166039e-07 6.849930683009454658e-07 -8.758362726287777293e-06 4.072495793297101740e-06 -2.080101544735452247e-05 -2.404753275320148400e-05 -2.468532038966163433e-05 6.291031047865091331e-07 3.072696008111034535e-07 3.052160318075698723e-07 -7.808282850507127399e-09 -9.719540392982555524e-07
1.482226655569041260e-05 2.832802506458765849e-07 8.786710183607577152e-04 -7.549062392762049937e-07 -6.741707663500961253e-06 -1.059561679576645711e-05 1.692322527271761214e-07 2.512876053476143969e-07 5.116914810215240835e-07 1.901800235138609056e-07 -7.631106159172429685e-08 1.563600044903254839e-04 -2.326003817618350780e-04 9.803531699017504500e-07 1.939034895147371704e-07 1.401144566283941140e-05 3.566473543804003171e-07 4.414552895244748013e-07 -7.097884443400587131e-06 -1.674892890785013795e-05 5.196670688918003422e-06 -1.925653482530516374e-05 -2.133563003799573120e-05 3.358925713538484582e-08 7.792449244472710920e-07 1.978322056912919342e-07 -1.759648858464453256e-07 -1.098522857551237137e-06
5.181835466388199218e-06 9.827752681168249051e-07 2.916348356557655393e-04 -1.077728803650011656e-06 -3.640923537662047185e-06 -6.218527137057819656e-06 -9.982590459260551755e-09 3.050573780279781050e-07 4.977973457995032102e-09 6.187948297557166462e-07 5.948820436909796369e-08 1.086309246180100540e-04 2.499621582595543768e-05 5.739741742254929266e-07 1.548649541296166039e-07 3.566473543804003171e-07 1.554661137746693583e-05 2.011315010898791893e-07 -4.096241071589413242e-06 -2.662434252461202946e-06 -8.144634763095080210e-06 1.869489688324733125e-05 -8.657268474333248054e-06 1.465968780075133972e-08 2.504106783635555950e-07 6.844719214208979450e-07 -1.747116294886598326e-07 -6.897837482785736418e-07
-1.227574143479496859e-05 -4.657494634141854830e-06 9.650158720360630998e-04 -6.978925662157043004e-07 -2.976694279952034029e-06 -9.457101628171020216e-06 4.622774519804218783e-09 1.450657587726909887e-07 1.751811833400600785e-07 3.157533257763881987e-08 4.412934069229966322e-07 9.268881501331889549e-05 -1.449249637515434379e-04 4.484063660499281216e-07 6.849930683009454658e-07 4.414552895244748013e-07 2.011315010898791893e-07 1.772019759588029428e-05 -4.220700057039069167e-06 -3.276483547004803124e-06 -9.579148449541737494e-07 -7.194914852391582076e-06 1.843070213708957714e-05 -7.403651897220353389e-08 1.038242876440725763e-07 3.786146386658877149e-07 3.518225521232577755e-07 -6.301954700621211816e-07
-4.820260331564278351e-04 -2.531345076866200718e-05 -2.007716756829985155e-02 2.483600608877289549e-05 1.863334728541769087e-04 2.377739775106229984e-04 -3.115727820847972937e-06 -1.460036118217292475e-06 1.185547749430632833e-06 2.084378966425120796e-06 3.432464994955686551e-06 1.360156492430146741e-03 2.647514522425928156e-03 8.752243777672729359e-06 -8.758362726287777293e-06 -7.097884443400587131e-06 -4.096241071589413242e-06 -4.220700057039069167e-06 8.357155654180800902e-04 4.121253938717231620e-04 4.798221020708973356e-04 5.234604326992356059e-04 5.914659170903276185e-04 -4.534497150207624283e-06 -5.786554256745249105e-06 -3.210521993105112615e-06 6.136065444832004899e-06 2.637962761527154747e-05
-5.890109191005474601e-04 -1.086991131444323208e-05 -1.858131057619049134e-02 2.352121447303695317e-05 1.876393166225835631e-04 2.470067713213331111e-04 -1.975945146693176271e-06 -4.058515039506425122e-06 -2.210364992327215661e-07 1.151076835925578751e-06 5.672491929245085757e-06 1.432442223726513360e-03 1.437317828948308455e-03 -2.135326213691692338e-05 4.072495793297101740e-06 -1.674892890785013795e-05 -2.662434252461202522e-06 -3.276483547004803124e-06 4.121253938717231620e-04 8.515797880949171113e-04 5.255928147501171639e-04 5.779972956777201711e-04 6.567273799910134432e-04 -3.626336328412350858e-06 -9.651748920839236709e-06 -4.126756815133786071e-06 8.748157601882212964e-06 3.323246523084149776e-05
-7.223159141151512617e-04 -1.855967151455034626e-06 -1.574950420451265085e-02 3.064471567719190704e-05 2.000868795371032864e-04 2.841917443465263003e-04 -2.083919300729431095e-06 -4.546862627714897177e-06 -5.452729949600743312e-07 1.400988964758519276e-06 5.568289820010429129e-06 7.930647112623428682e-04 -1.330936515594885808e-04 -2.056482040041588419e-05 -2.080101544735452247e-05 5.196670688918003422e-06 -8.144634763095080210e-06 -9.579148449541739611e-07 4.798221020708973356e-04 5.255928147501171639e-04 9.142083826485559745e-04 6.420864501681473793e-04 7.393618076366234972e-04 -3.121824715241780356e-06 -7.559901871951359391e-06 -6.133503937411312428e-06 7.029090139619989240e-06 3.513930796500343046e-05
-7.650384703799894106e-04 3.718124192723752924e-05 -2.048346883578731209e-02 2.707499355158148385e-05 2.135343789584991082e-04 3.516636764846955152e-04 -1.996563450878164214e-06 -4.114412935530876166e-06 -2.173420972029419646e-06 2.118308575339450558e-06 7.023160057736583450e-06 1.121906834428657018e-03 2.235177014065827146e-03 -1.808304656674734485e-05 -2.404753275320148400e-05 -1.925653482530516374e-05 1.869489688324733125e-05 -7.194914852391582076e-06 5.234604326992356059e-04 5.779972956777201711e-04 6.420864501681473793e-04 1.031819132342332414e-03 8.252394925271940148e-04 -3.638184129056174464e-06 -8.336272214254815806e-06 -6.220209603559034512e-06 5.642487408440815253e-06 3.808697794830181457e-05
-9.283857700268268029e-04 4.838587502153256546e-05 -2.063729138209321329e-02 3.229308363428748781e-05 2.382302787488051806e-04 4.207224072114817666e-04 -2.098281648703015127e-06 -5.799657390030244525e-06 -2.024602655710340947e-06 1.148052914757482873e-06 7.794883765962480978e-06 1.540721231143617805e-03 2.426245585373152346e-03 -2.016066614870828426e-05 -2.468532038966163433e-05 -2.133563003799573120e-05 -8.657268474333244666e-06 1.843070213708957714e-05 5.914659170903276185e-04 6.567273799910134432e-04 7.393618076366234972e-04 8.252394925271940148e-04 1.229305707431983851e-03 -4.820045217259916751e-06 -8.608706268347560196e-06 -6.830998035681936143e-06 7.466663889273834526e-06 4.288112791016473091e-05
2.045907150506502057e-06 -9.700974446076293323e-07 1.014284058274230366e-04 5.122300792694907686e-08 -4.867427140712855264e-07 1.924305217968468373e-06 -1.012246317295109676e-06 3.161942793063124571e-07 1.000585758018760489e-07 8.725932350945406188e-08 -9.889110406706092388e-08 1.127241744513488746e-04 7.472863095979273465e-05 4.626926506926811512e-07 6.291031047865091331e-07 3.358925713538487229e-08 1.465968780075134965e-08 -7.403651897220352066e-08 -4.534497150207624283e-06 -3.626336328412350858e-06 -3.121824715241780356e-06 -3.638184129056174464e-06 -4.820045217259917598e-06 2.354065800587956219e-05 9.694186981212420161e-07 5.763242958341740650e-07 1.976365942956350336e-07 -2.168910663198092611e-07
7.496703160905630868e-06 5.868261048569476499e-07 2.890403567018857587e-04 -2.807481959541880543e-07 -3.007978980202747737e-06 -1.615501513896060395e-06 5.791580224014133382e-07 -1.770282056866725127e-06 3.577151300857773514e-07 2.116001241575965567e-07 1.712619650873289188e-08 -2.990582157795882166e-05 -7.282682645555641290e-05 6.412222446905256185e-07 3.072696008111034535e-07 7.792449244472710920e-07 2.504106783635555420e-07 1.038242876440725763e-07 -5.786554256745249105e-06 -9.651748920839236709e-06 -7.559901871951359391e-06 -8.336272214254815806e-06 -8.608706268347560196e-06 9.694186981212420161e-07 1.945860420351986015e-05 1.882891121598011069e-06 1.722428250001861570e-06 1.243231461866092779e-06
8.540367235858226750e-06 1.818730605271031702e-06 2.018006989397113369e-04 -7.642477729972887526e-07 -4.092159265148785901e-06 -7.134035388479786409e-06 4.184946784819759476e-07 6.670679063146266605e-07 -1.739347733305616108e-06 3.611322866746143476e-07 8.582795990249559542e-08 6.330944449157889915e-06 -1.102682199554620527e-05 5.397153572564249415e-07 3.052160318075699252e-07 1.978322056912918812e-07 6.844719214208978391e-07 3.786146386658877149e-07 -3.210521993105112615e-06 -4.126756815133786071e-06 -6.133503937411312428e-06 -6.220209603559034512e-06 -6.830998035681936143e-06 5.763242958341740650e-07 1.882891121598011069e-06 1.606897030642323132e-05 3.364530580336722389e-06 3.408245368858347265e-06
-2.700648925833396508e-06 4.034720974368719106e-06 -1.383417974353283778e-04 -4.988086646874927849e-07 -1.838808101358485022e-06 -2.213078467147245203e-06 1.329763018563214765e-07 5.482616541369079785e-07 6.177533750015877599e-07 -1.502412526338141398e-06 3.817968640533571436e-07 2.963254920213361353e-05 -2.727006509448332952e-05 -1.637926786661409744e-07 -7.808282850507137325e-09 -1.759648858464453256e-07 -1.747116294886598326e-07 3.518225521232577755e-07 6.136065444832004899e-06 8.748157601882212964e-06 7.029090139619989240e-06 5.642487408440815253e-06 7.466663889273834526e-06 1.976365942956350336e-07 1.722428250001861570e-06 3.364530580336722389e-06 1.399207818441131994e-05 5.696134736125801532e-06
-3.451143346762381689e-05 7.576614426230165998e-06 -9.065975134766948457e-04 6.218583360679088384e-07 5.633856582958341349e-06 1.561756906636056202e-05 -1.746720468531962489e-07 3.005111464864966128e-07 5.544051579631893355e-07 6.185516986237710587e-07 -5.874817824041146241e-07 1.441494405619906619e-04 2.726066458174340005e-05 -1.275295145439424767e-06 -9.719540392982555524e-07 -1.098522857551237137e-06 -6.897837482785736418e-07 -6.301954700621211816e-07 2.637962761527154408e-05 3.323246523084149776e-05 3.513930796500343046e-05 3.808697794830181457e-05 4.288112791016473091e-05 -2.168910663198092611e-07 1.243231461866092779e-06 3.408245368858347265e-06 5.696134736125801532e-06 1.414375175864838564e-05
