# logA ns theta_MC_100 omegabh2 omegach2 tau omegam_growth A_planck calib_100T calib_217T A_cib_217 xi_sz_cib A_sz ksz_norm gal545_A_100 gal545_A_143 gal545_A_143_217 gal545_A_217 ps_A_100_100 ps_A_143_143 ps_A_143_217 ps_A_217_217 galf_TE_A_100 galf_TE_A_100_143 galf_TE_A_100_217 galf_TE_A_143 galf_TE_A_143_217 galf_TE_A_217 LSST_DZ_S1 LSST_DZ_S2 LSST_DZ_S3 LSST_DZ_S4 LSST_DZ_S5 LSST_A1_1 LSST_A1_2 LSST_M1 LSST_M2 LSST_M3 LSST_M4 LSST_M5
2.188247763214611671e-04 2.084886659447530166e-05 -2.276607412130656669e-06 5.194657871274340382e-07 -8.892137609003904303e-06 1.069016782270288042e-04 -6.495495226908566319e-05 9.699493327711760184e-06 1.920880805528511966e-07 7.313722915558459853e-08 -4.287520289518213616e-03 1.623973194431020757e-06 -4.165671082390747784e-04 3.659302818427800051e-04 -3.904146615466685803e-04 -1.355406266379173032e-04 4.761092478308681913e-05 2.750125581223268698e-03 -2.518025746675215532e-02 3.566783158719565722e-02 8.181588895721862709e-02 1.006834998310840966e-02 -1.565347815076394523e-06 -5.039012349294832224e-07 -3.386853843892297211e-06 -6.643734018701776079e-06 2.914931458088090379e-06 -1.172629732438469769e-05 3.646874217560418427e-07 6.963518946641683808e-07 4.466974643792587460e-07 -3.753128294867925700e-07 -1.027740865495773285e-06 3.384053239213864685e-04 -1.248088789989479982e-04 3.414231951018855619e-07 1.422455649193730927e-06 2.479866881726120158e-07 -2.964129912515248241e-06 -9.565864116892378887e-06
2.084886659447530166e-05 5.699689953287718916e-05 9.201531061024785275e-07 6.876426953132772175e-07 -2.732155182700165608e-06 -2.413945376937132843e-06 5.824564049756372922e-06 -9.140187101864356116e-07 3.501156744127265364e-08 -1.272436626515285572e-08 2.127759813939741126e-06 -1.659403027930926963e-05 -1.330096127255355788e-04 2.119113891991175865e-05 3.570106319581771393e-04 1.118678945733573985e-04 -2.557049465334919970e-05 -1.219569003870916627e-04 -1.699503554187168849e-02 -7.356744216235444611e-03 7.990529013324360399e-03 -1.245117528929270100e-02 -1.624557919340475751e-07 1.065576801197990384e-06 1.485755543419689172e-06 -2.446792562342889456e-06 -3.031482084237350305e-07 -1.719124797582151259e-05 -4.179883871118337846e-08 2.775698775045648150e-07 2.632709228890654853e-07 5.919165609082729109e-08 2.477002834064600842e-07 -8.432577141417416341e-08 -1.467022821098878515e-04 -1.001788835480781203e-07 1.181761697542591443e-06 1.885288847607603695e-06 1.301934695099152562e-06 4.367573493935497384e-08
-2.276607412130656669e-06 9.201531061024785275e-07 2.332552891575995338e-06 2.282752039474602104e-07 9.690496821292000230e-07 -3.020630265668069628e-06 -3.120296503472355257e-06 -3.961215186616620932e-07 -1.645577458600019266e-08 -1.700861979239055449e-09 2.672457060376512428e-04 -5.118233007429733015e-07 6.684953484248607836e-05 -1.259107175954769254e-05 8.250245385673891794e-06 3.411024301589265736e-05 8.812371430919718307e-05 -7.864212095780238216e-07 6.837658555482486328e-03 -5.486542912908265977e-03 -3.363986996373024251e-03 -3.076308863348828446e-03 -3.504851608033897627e-07 -4.960127365966414628e-07 2.184337465716440478e-07 -6.756380861415847590e-07 1.852728995415720490e-06 -3.801729316913361977e-06 1.976770416144793108e-08 5.152530049496031078e-08 3.846579778890813023e-08 -2.384946648787730630e-08 -3.484730129088280806e-08 1.057657273148250635e-05 -1.760693164624664896e-06 -3.989717571438694852e-09 1.568790731788114989e-07 9.330364159057840403e-08 -7.870820779141936020e-08 -4.412531180483254450e-07
5.194657871274340382e-07 6.876426953132772175e-07 2.282752039474602104e-07 5.994013896588567595e-08 7.466123843529671578e-08 -7.683747920255931896e-08 -3.814481295768049859e-07 -3.053150304763252267e-08 3.480670167765232473e-09 -6.687548204514747467e-11 -1.094988308688709793e-04 -8.593686037748266838e-07 3.394514906679188640e-06 8.306775708694084845e-07 -2.504943499240250595e-06 2.095592629141986168e-06 1.731241718587112131e-05 2.991768950348527408e-05 3.380415399080103061e-04 -5.893256835742996221e-04 -1.186984750058422576e-04 -3.054157253400314347e-04 -1.514150543715870213e-08 -9.590448981616016803e-08 6.882622724107252502e-08 -1.767543210237476494e-07 1.742078870445176770e-07 -8.179345768255063416e-07 3.464359280386311457e-09 1.193910005066848422e-08 1.272759378345385933e-08 2.101173543700248277e-09 -5.117494680624142347e-10 1.304506972440066915e-06 -3.939317398328274743e-06 -2.092467373296741961e-09 3.834926885814632480e-08 4.478694377048944615e-08 2.856522830260583367e-08 -2.626772427853178170e-08
-8.892137609003904303e-06 -2.732155182700165608e-06 9.690496821292000230e-07 7.466123843529671578e-08 8.877067164115719308e-07 -4.715190260673833352e-06 4.404296573091063110e-07 -4.571845923195472586e-07 -9.349849151633830671e-09 -1.574877937960546050e-09 1.411826825688883508e-04 2.199106599925170202e-07 4.191988168817498047e-05 -1.557457584192716127e-05 -5.453592971174940881e-06 1.373605141798459441e-05 4.297704549167740643e-05 -5.693911833712404709e-05 4.166462961541410846e-03 -2.931412698013798664e-03 -4.361382252133675502e-03 -8.568489458836530933e-04 -4.352589962885531873e-08 -2.970779471181399481e-07 1.779679484356808916e-07 -2.278701966813751118e-08 7.428037987940884321e-07 1.573404656540643074e-07 2.408519902100015783e-09 -5.501494188829302493e-08 -7.044713148028844086e-08 -6.021423141589505968e-08 -1.843313097928089823e-08 3.636724690687320057e-06 9.521289943314872057e-06 -4.326600457931069409e-09 -1.317895856953779128e-07 -3.038624899911707954e-07 -3.806788897732959082e-07 -3.822276569426839007e-07
1.069016782270288042e-04 -2.413945376937132843e-06 -3.020630265668069628e-06 -7.683747920255931896e-08 -4.715190260673833352e-06 6.569768525855987525e-05 -3.126941269559906404e-05 -6.175895272899726683e-08 -3.499941710337650515e-08 3.757738315882316349e-08 -1.311035799907707021e-03 -2.982982674211942578e-06 -8.285626358686737412e-05 1.450471722551174869e-04 2.717129937673521577e-05 3.737024109554916087e-05 1.724459131331375914e-04 6.739236797258617425e-04 1.326810651449540027e-03 3.629301675933913063e-02 4.168502077660780208e-02 1.598843600769157131e-02 -9.727177460732010311e-07 -1.411504847740281821e-07 -3.023221774833365348e-06 -2.829574968352120299e-06 6.030548704112047182e-07 -2.905092098766977603e-06 1.750135727522893911e-07 3.008689813181454455e-07 2.416230638680145979e-07 -7.482638581449457838e-08 -4.919923916900279175e-07 1.389168700899353183e-04 -7.358995894173672996e-05 1.793229962691471897e-07 5.391221165620220561e-07 1.056502050866195998e-07 -9.872276229276320327e-07 -3.540436721836883085e-06
-6.495495226908566319e-05 5.824564049756374616e-06 -3.120296503472354834e-06 -3.814481295768050388e-07 4.404296573091063110e-07 -3.126941269559906404e-05 1.058198249446094471e-04 -2.732429442059697351e-06 -4.206572262609764944e-08 -2.942250828424288953e-08 1.033622104955924910e-03 -8.541853239059655475e-06 5.716367191176645454e-05 -1.155506708861565954e-04 2.073653335472138467e-04 3.835715546373131727e-05 -1.607627031693961402e-04 -8.490894975487161232e-04 -8.531160800530223146e-03 -1.860002728979107470e-03 -1.834323161827870058e-02 -5.786774968665084513e-03 9.572356604391909178e-07 1.163890620670465807e-06 1.653403272644106650e-06 9.437240188835346142e-07 -5.967652589059415463e-06 3.074234674348434872e-07 2.201499459102831768e-06 9.726676829778871459e-07 2.626612274953891001e-08 -4.125253963244704530e-07 -1.272064703632683091e-07 -1.208967171827776048e-04 3.163707728608537739e-05 2.471110992271409264e-06 1.198516876334101199e-06 -6.898395476162774948e-07 -2.739691023992667923e-06 -3.916170461327655405e-06
9.699493327711760184e-06 -9.140187101864356116e-07 -3.961215186616620932e-07 -3.053150304763252267e-08 -4.571845923195472586e-07 -6.175895272899726683e-08 -2.732429442059697351e-06 6.208050337986794718e-06 1.507577810898237540e-09 8.687852062441138629e-09 4.026382581973519839e-04 4.733419874367564186e-06 -1.622310353714060256e-05 2.172701093987885562e-05 -1.601620131827212202e-05 -2.192369341034508659e-05 -8.220352772421083256e-05 6.166796935394834069e-04 -2.941423310258633756e-03 -1.742786866999378181e-03 3.082852701093631576e-03 -1.312634044897700164e-03 3.269836057847443493e-07 -2.618950773317255910e-09 -4.091666040016918092e-07 8.796862401704877247e-08 -1.130510396653907751e-07 -2.114473579927737631e-06 1.196952858104783891e-08 3.919139231787609533e-08 1.752172192278109871e-08 -9.635808093749602699e-09 -3.917022749156530290e-08 8.900081243823523933e-06 3.474687726346763455e-05 2.582745045894712539e-08 2.089239529223858881e-08 6.580995057261531147e-09 -8.838112722383445159e-08 -2.801229020959676037e-07
1.920880805528511966e-07 3.501156744127265364e-08 -1.645577458600019266e-08 3.480670167765232473e-09 -9.349849151633830671e-09 -3.499941710337650515e-08 -4.206572262609762297e-08 1.507577810898237540e-09 4.375084664221101331e-07 -9.791059741181354099e-10 -1.371810821405013234e-04 1.015272545059464974e-06 4.181222141677154013e-05 -4.184087354310897478e-05 1.003580983066454071e-04 -1.015736462945399104e-04 -3.400549599813408195e-05 1.055321125359554404e-04 3.827004351501198543e-03 -4.113890932088675595e-03 1.779469878595363226e-06 1.789992646672465592e-04 -3.809372367546680551e-08 -2.317640028119808418e-08 -8.784992109389696433e-08 -1.082242756126112539e-07 1.918659591135491233e-07 5.964862204562748532e-07 -2.139316582182435476e-09 -2.628453962602059383e-09 -7.753978558230753039e-10 3.213107652904396523e-09 -7.276154145819111365e-10 -2.008377670184335340e-06 3.102116661433377312e-06 -2.736448306523035749e-09 -2.012626280895412550e-09 -4.111456479075146854e-10 2.468338019861499203e-10 -2.497744330277284337e-09
7.313722915558459853e-08 -1.272436626515285572e-08 -1.700861979239055449e-09 -6.687548204514747467e-11 -1.574877937960546050e-09 3.757738315882316349e-08 -2.942250828424288953e-08 8.687852062441138629e-09 -9.791059741181354099e-10 4.153056826280420396e-07 5.223704464821659916e-04 -1.065320300436055462e-06 -1.028154336419898743e-05 5.665537476055508826e-06 -4.728394888854603304e-06 -2.603816230979903452e-05 2.582718470169399522e-04 5.223549586530054417e-04 1.634979569139779847e-04 -1.521069006061024189e-03 1.327482548295279242e-03 8.984664483672600134e-05 3.575911138454650780e-08 4.948730857448621698e-08 -1.749921896689700056e-07 7.659560332146379574e-08 -3.599537338764351344e-07 3.013157354997711321e-07 2.387566413982428169e-09 -1.719954755455648539e-09 -8.162448808604679015e-10 -5.257898009561103485e-11 -1.730014412153154138e-09 -7.872856340897819145e-08 2.487885719245107943e-06 -1.107147501804498101e-09 -1.677026356946828037e-09 -4.641836893469461604e-09 -9.019466678654656675e-09 -1.042700079267069993e-08
-4.287520289518213616e-03 2.127759813939741126e-06 2.672457060376512428e-04 -1.094988308688709793e-04 1.411826825688883508e-04 -1.311035799907707021e-03 1.033622104955925127e-03 4.026382581973519839e-04 -1.371810821405013234e-04 5.223704464821659916e-04 4.613798766892214189e+02 -1.636109607894130624e-01 -9.011874432185128514e-01 5.748610172692395492e-01 2.936133650106574899e-01 4.150976450736116874e-01 -1.992364212841522075e+01 -6.246760984140142625e+01 6.585420572202890810e+01 -2.472482536634970245e+02 7.979927127392471675e+02 -6.466390296919531693e+02 -1.734477549585580498e-03 3.076224975871223472e-03 -2.488679715142831932e-04 -1.070428229922512804e-02 -4.489126387236992873e-03 -4.432269470741625333e-02 1.601567678120630523e-06 -1.630906473250185243e-05 8.333219851352043550e-05 -1.960464502318214563e-04 2.982667518099332442e-05 -4.326178412113044353e-02 -4.086688175199845036e-02 -2.248080940045007369e-05 -5.760207329494524238e-05 -4.743713813022519413e-04 -1.155406702919312481e-04 -2.078142170337879272e-04
1.623973194431020757e-06 -1.659403027930926963e-05 -5.118233007429733015e-07 -8.593686037748266838e-07 2.199106599925170202e-07 -2.982982674211942578e-06 -8.541853239059655475e-06 4.733419874367564186e-06 1.015272545059464974e-06 -1.065320300436055462e-06 -1.636109607894130624e-01 8.342069271543663123e-02 5.537542662362176724e-03 -4.672643678605217787e-03 -2.065549288152823942e-03 2.043215400867568875e-03 1.529959384542799693e-02 3.289136277900009224e-03 -3.048008126905504267e-01 9.037744804150343869e-03 5.189248878244687724e-01 -2.786623903248391376e-01 1.958209188610762622e-05 9.724453200127147569e-06 2.359017050962062989e-05 3.582547040546133182e-05 6.019473338279919170e-05 6.478113795955748981e-04 1.979655879087299464e-06 -2.623662556240614198e-06 9.539228409189282701e-08 6.609452188977177214e-07 1.416026785916256231e-06 4.427976930342401342e-03 -3.375718789899151938e-04 -2.759885260694990888e-06 2.604383782385775478e-06 -7.968499604325111432e-06 -5.371973628746889968e-06 -6.687020722331012097e-06
-4.165671082390747784e-04 -1.330096127255355788e-04 6.684953484248607836e-05 3.394514906679188640e-06 4.191988168817498047e-05 -8.285626358686737412e-05 5.716367191176645454e-05 -1.622310353714060256e-05 4.181222141677154013e-05 -1.028154336419898743e-05 -9.011874432185128514e-01 5.537542662362176724e-03 4.573071710780466148e+00 -3.632930991588214198e+00 -9.058148379231384384e-02 4.890317250654316328e-02 4.045323648310767961e-01 3.497622560965361616e-01 -6.154299650961601920e+00 -9.298657797096383515e-01 9.008595209713144314e+00 -3.232370606419852521e+00 2.002278401559655016e-04 -1.326831814944623661e-04 -5.177266264830040739e-04 -1.270276694803296690e-04 -5.695373639269019116e-04 3.891819879115858156e-03 1.074876399880902865e-05 -9.133168763832275459e-06 1.494832840324451925e-05 7.076053386797294323e-06 1.441016027990379614e-05 -1.151648717882249387e-02 3.641571167432337223e-03 -8.729887779071445408e-06 4.796005294109468599e-05 -5.484243898969954942e-06 1.350131895090106067e-06 -8.276829054974828027e-06
3.659302818427801135e-04 2.119113891991183997e-05 -1.259107175954771117e-05 8.306775708694055199e-07 -1.557457584192716127e-05 1.450471722551174869e-04 -1.155506708861565954e-04 2.172701093987887595e-05 -4.184087354310897478e-05 5.665537476055507132e-06 5.748610172692394382e-01 -4.672643678605217787e-03 -3.632930991588214198e+00 7.351491752030121951e+00 6.919037197442674814e-02 -3.624338603663444791e-02 -3.191736121430468476e-01 -2.644183560239826147e-01 5.204799120485039232e+00 7.170876778480551605e-01 -7.508085409353780548e+00 3.954359027069281218e+00 2.840404662282102247e-04 1.554361527984269675e-04 6.413631049683430913e-04 -1.730563976517593647e-06 1.648183833249568632e-03 -3.310588661522133672e-03 -9.175456002989032015e-06 1.413639340230763588e-05 -4.633680014208477595e-06 -1.905935410497744506e-05 -1.789152858647728090e-05 2.887804538977012739e-02 -1.887318662338556422e-03 3.580353257436296984e-05 -4.335575931471998099e-05 -6.890746041852007132e-06 1.826370584069619856e-05 3.708974568045617011e-06
-3.904146615466685803e-04 3.570106319581771393e-04 8.250245385673891794e-06 -2.504943499240250595e-06 -5.453592971174940881e-06 2.717129937673521577e-05 2.073653335472139822e-04 -1.601620131827212202e-05 1.003580983066454071e-04 -4.728394888854603304e-06 2.936133650106574899e-01 -2.065549288152823942e-03 -9.058148379231384384e-02 6.919037197442676201e-02 3.517942515292237449e+00 4.275796203528144934e-01 6.845423270644401814e-02 -1.291263323580825462e-01 -7.311493819415095352e+00 7.253950298563000665e+00 7.557448049415098623e-01 -3.698221616664689182e-01 -3.817173424403154749e-04 3.160589428297188946e-04 8.878500696325673769e-05 -5.165066049380965954e-04 2.589225668530658144e-04 4.561349616171498506e-03 1.240193332853647805e-06 8.595840038367122404e-06 -2.052373819284764467e-06 1.205173391390627681e-05 1.313610935031788610e-05 7.972131642244729977e-03 -1.075645704775561248e-02 -7.082389489910551563e-06 1.556125800999314234e-06 1.889839945090045160e-05 1.061483901507509642e-05 2.057349587826572029e-05
-1.355406266379173032e-04 1.118678945733573985e-04 3.411024301589265736e-05 2.095592629141986168e-06 1.373605141798459441e-05 3.737024109554916087e-05 3.835715546373138503e-05 -2.192369341034508659e-05 -1.015736462945399104e-04 -2.603816230979903452e-05 4.150976450736116874e-01 2.043215400867568875e-03 4.890317250654316328e-02 -3.624338603663449648e-02 4.275796203528144934e-01 3.392962002791794607e+00 2.497135047686291909e+00 2.278691299280078741e+00 8.267390328846921932e+00 -1.384073824227944449e+01 4.055276665260858948e+00 -2.446133991930420137e+00 4.793152534155691426e-04 -3.471377311292263550e-04 3.209749261194159856e-04 -5.291889307967082533e-04 1.772291501135714689e-04 1.247996706957295353e-03 3.072067304483305744e-07 6.366878310816636605e-06 -7.475814761001666044e-07 -7.927188424786324859e-06 -8.974156933760787136e-06 1.222987420352856722e-02 1.584214178742678406e-02 -1.421983073523848382e-05 -3.320990302720483073e-06 4.353145577491141397e-06 -2.299957068391768529e-05 -2.376704180119212735e-05
4.761092478308681913e-05 -2.557049465334919970e-05 8.812371430919718307e-05 1.731241718587112131e-05 4.297704549167740643e-05 1.724459131331375914e-04 -1.607627031693962486e-04 -8.220352772421083256e-05 -3.400549599813408195e-05 2.582718470169399522e-04 -1.992364212841522075e+01 1.529959384542799693e-02 4.045323648310767961e-01 -3.191736121430468476e-01 6.845423270644401814e-02 2.497135047686291909e+00 1.876915972925026921e+01 3.236937789566647439e+01 7.402887916076433150e+00 4.474685161860107740e+01 -5.593280075427477271e+01 4.682747624859876723e+00 -2.840851813535451927e-04 1.946240138943532502e-05 7.170960019469717383e-04 3.826524647192758462e-04 -4.038293030636219130e-04 1.579901457693628705e-02 3.120775559954768049e-05 3.815753570504028529e-06 1.109231920536432642e-05 -1.076100356379816791e-05 -9.619187627792591028e-06 3.204651501198513275e-02 9.305135888769520839e-04 -1.251846494776360495e-05 1.658182466057620124e-05 2.237009486791215161e-05 1.782547726274204549e-05 1.360939554127991507e-05
2.750125581223268698e-03 -1.219569003870916627e-04 -7.864212095780238216e-07 2.991768950348527408e-05 -5.693911833712404709e-05 6.739236797258617425e-04 -8.490894975487164485e-04 6.166796935394834069e-04 1.055321125359554404e-04 5.223549586530054417e-04 -6.246760984140142625e+01 3.289136277900009224e-03 3.497622560965361616e-01 -2.644183560239824482e-01 -1.291263323580825462e-01 2.278691299280078741e+00 3.236937789566647439e+01 8.583055704358498872e+01 -1.410339156349193601e+00 7.127159964135779546e+01 -4.831665611584169540e+01 -2.223055752927713158e+01 -3.918932118567115190e-04 -3.961810774691209148e-04 1.445434834942126937e-03 1.623182615523920385e-03 2.403912408292786481e-04 1.902617802526067672e-02 2.657959576606183733e-05 1.741573860303791100e-05 3.164146217481501807e-05 7.932863878482128973e-06 -4.852135336589360565e-05 3.771990032896840872e-02 1.904933000017230635e-02 -1.130767289215716579e-05 -3.432198800950722812e-05 5.917746663338598366e-05 -9.041596828788442386e-05 -9.155991351273549028e-05
-2.518025746675215532e-02 -1.699503554187168849e-02 6.837658555482486328e-03 3.380415399080103061e-04 4.166462961541410846e-03 1.326810651449540027e-03 -8.531160800530223146e-03 -2.941423310258633756e-03 3.827004351501198543e-03 1.634979569139779847e-04 6.585420572202890810e+01 -3.048008126905504267e-01 -6.154299650961601920e+00 5.204799120485039232e+00 -7.311493819415095352e+00 8.267390328846921932e+00 7.402887916076433150e+00 -1.410339156349193601e+00 1.257690246888645743e+04 5.494903046035035459e+02 3.948986204393904575e+00 1.050908417321288084e+02 8.041273993604637627e-03 1.702125947352373493e-03 1.257328102949089102e-02 1.695564207558239445e-02 1.203452534866464654e-02 5.787467110120841918e-01 5.035423589716654874e-04 7.934585746781342135e-05 1.298167286997521425e-04 -2.734915517155243414e-04 -7.033536014090948198e-04 5.838868143024418256e-01 -3.725315500415994630e-02 5.392557234284160755e-05 -1.278125547037520932e-03 -6.932804756343954791e-04 4.578608538000933262e-04 -8.454335799607986049e-04
3.566783158719565722e-02 -7.356744216235444611e-03 -5.486542912908265977e-03 -5.893256835742996221e-04 -2.931412698013798664e-03 3.629301675933913063e-02 -1.860002728979107470e-03 -1.742786866999378181e-03 -4.113890932088675595e-03 -1.521069006061024189e-03 -2.472482536634970245e+02 9.037744804150343869e-03 -9.298657797096383515e-01 7.170876778480551605e-01 7.253950298563000665e+00 -1.384073824227944449e+01 4.474685161860107740e+01 7.127159964135779546e+01 5.494903046035035459e+02 1.272341524910064254e+04 1.399723189754607802e+03 2.784250011173376151e+02 -3.091958406965894524e-02 8.808925505168730200e-03 -9.202082543995886849e-03 -1.586996285883626734e-02 4.211712561453300613e-02 3.341745128085502614e-01 1.279058923413566929e-04 -8.231303547316721385e-04 -1.619452092155193753e-04 -4.090073965870771118e-04 -1.312393240197577346e-03 -7.195911112572836443e-02 3.108833396681582109e-02 -9.120943506238346661e-04 -5.051631342122139216e-04 -1.642786848840447397e-03 -2.068835138890703397e-03 -1.580717346864145192e-03
8.181588895721864096e-02 7.990529013324367338e-03 -3.363986996373022949e-03 -1.186984750058425422e-04 -4.361382252133675502e-03 4.168502077660780208e-02 -1.834323161827870058e-02 3.082852701093629841e-03 1.779469878595195725e-06 1.327482548295278808e-03 7.979927127392470538e+02 5.189248878244687724e-01 9.008595209713144314e+00 -7.508085409353780548e+00 7.557448049415097513e-01 4.055276665260861613e+00 -5.593280075427477982e+01 -4.831665611584171671e+01 3.948986204393904575e+00 1.399723189754607802e+03 1.178754774243982320e+04 6.961359467533172847e+02 -3.987669973131290069e-03 -9.236082199495427615e-04 3.399245388196688727e-02 2.972134882167573600e-02 2.437525919859843525e-03 2.560634859048648293e-01 -3.661929793548804974e-04 -2.962075941447724894e-04 4.142992928019510594e-04 -6.364582051374226843e-04 -8.116970634332899837e-04 -8.302061429893380362e-01 -6.242966481751793806e-02 2.467151682566719943e-04 7.209280282604518331e-04 -7.617527654241137199e-04 -1.873822575902952094e-03 -3.902828393549340798e-03
1.006834998310840966e-02 -1.245117528929270100e-02 -3.076308863348828446e-03 -3.054157253400314347e-04 -8.568489458836530933e-04 1.598843600769157131e-02 -5.786774968665097524e-03 -1.312634044897700164e-03 1.789992646672465592e-04 8.984664483672600134e-05 -6.466390296919531693e+02 -2.786623903248391376e-01 -3.232370606419852521e+00 3.954359027069283439e+00 -3.698221616664689182e-01 -2.446133991930420137e+00 4.682747624859876723e+00 -2.223055752927713158e+01 1.050908417321288084e+02 2.784250011173376151e+02 6.961359467533172847e+02 1.292120788642971456e+04 -3.836967958408394903e-03 -1.441459741097141783e-02 1.293444238012508157e-02 9.854752282105232880e-03 -3.294993218752637499e-03 4.004705026211964891e-01 -2.799060952342286653e-04 -6.679601170193538370e-04 -4.453773563499223908e-04 -4.012949285456547102e-04 4.416194081704433280e-04 -5.157554193071873794e-01 -9.574288873892321250e-02 2.473573062012274291e-04 -5.678298488373455201e-04 -3.893903971656835711e-04 -5.999329564823635422e-04 -1.119063314987038841e-03
-1.565347815076394523e-06 -1.624557919340475751e-07 -3.504851608033897627e-07 -1.514150543715870213e-08 -4.352589962885531873e-08 -9.727177460732010311e-07 9.572356604391915531e-07 3.269836057847443493e-07 -3.809372367546680551e-08 3.575911138454650780e-08 -1.734477549585580498e-03 1.958209188610762622e-05 2.002278401559655016e-04 2.840404662282100621e-04 -3.817173424403154749e-04 4.793152534155691426e-04 -2.840851813535451927e-04 -3.918932118567115190e-04 8.041273993604637627e-03 -3.091958406965894524e-02 -3.987669973131279660e-03 -3.836967958408394903e-03 1.511870477826053692e-03 2.690205097318144520e-04 -6.556468225956654329e-06 -4.138702021191038361e-04 -1.242323429023920676e-05 -7.184058581912789766e-05 8.519171812646951880e-08 6.681062291304305246e-08 -1.112913693609944462e-07 -7.624687986690036203e-08 5.255466097149796095e-08 1.413099351831945810e-04 8.674733113237789381e-05 -2.384576557106855734e-07 2.204829074898496982e-07 7.210570423647172889e-08 -3.069152894771886189e-07 1.320047974486792231e-08
-5.039012349294832224e-07 1.065576801197990384e-06 -4.960127365966414628e-07 -9.590448981616016803e-08 -2.970779471181399481e-07 -1.411504847740281821e-07 1.163890620670465595e-06 -2.618950773317255910e-09 -2.317640028119808418e-08 4.948730857448621698e-08 3.076224975871223472e-03 9.724453200127147569e-06 -1.326831814944623661e-04 1.554361527984267507e-04 3.160589428297188946e-04 -3.471377311292263550e-04 1.946240138943532502e-05 -3.961810774691209148e-04 1.702125947352373493e-03 8.808925505168730200e-03 -9.236082199495331121e-04 -1.441459741097141783e-02 2.690205097318144520e-04 9.048010720856456118e-04 1.051717815653769422e-06 7.172095036553396670e-04 -7.651080204018174022e-06 5.420855715664090548e-05 3.731695553777577681e-08 2.329298851207667432e-07 -1.163134003704251094e-07 -2.934192837495914444e-08 4.901761380777628051e-08 -1.318194277363444783e-04 -1.805507436226573992e-04 -1.210014523081896138e-07 -3.284740749363859077e-07 3.169150068150062588e-07 1.119897646210413175e-07 1.996724516097620890e-07
-3.386853843892297211e-06 1.485755543419689172e-06 2.184337465716440478e-07 6.882622724107252502e-08 1.779679484356808916e-07 -3.023221774833365348e-06 1.653403272644108132e-06 -4.091666040016918092e-07 -8.784992109389696433e-08 -1.749921896689700056e-07 -2.488679715142831932e-04 2.359017050962062989e-05 -5.177266264830040739e-04 6.413631049683429829e-04 8.878500696325673769e-05 3.209749261194159856e-04 7.170960019469717383e-04 1.445434834942126937e-03 1.257328102949089102e-02 -9.202082543995886849e-03 3.399245388196694279e-02 1.293444238012508157e-02 -6.556468225956654329e-06 1.051717815653769422e-06 8.078319401274852360e-03 -7.250881847197365676e-06 4.787489918595907887e-05 3.906341409282990606e-05 -3.855066538666081409e-07 -3.354488152766672109e-07 -6.018049918803156263e-07 -4.770315978272602338e-07 -3.626835979755060749e-07 -6.371208610882273318e-04 -4.146358435159441629e-04 5.369341753631622214e-08 -5.795667395076162280e-07 3.407555391274893966e-08 4.080211551666107763e-07 2.096484987741707552e-07
-6.643734018701776079e-06 -2.446792562342889456e-06 -6.756380861415847590e-07 -1.767543210237476494e-07 -2.278701966813751118e-08 -2.829574968352120299e-06 9.437240188835346142e-07 8.796862401704877247e-08 -1.082242756126112539e-07 7.659560332146379574e-08 -1.070428229922512804e-02 3.582547040546133182e-05 -1.270276694803296690e-04 -1.730563976517593647e-06 -5.165066049380965954e-04 -5.291889307967082533e-04 3.826524647192758462e-04 1.623182615523920385e-03 1.695564207558239445e-02 -1.586996285883626734e-02 2.972134882167573600e-02 9.854752282105232880e-03 -4.138702021191038361e-04 7.172095036553396670e-04 -7.250881847197365676e-06 3.249735263372632420e-03 1.913523689316634380e-05 -9.079438842394720662e-06 -1.434952278342834587e-08 -1.648065804956695258e-08 -1.056052310139192685e-07 -1.240647263354432367e-07 2.103553228618950238e-07 2.861097691996884762e-04 -3.820361920102251425e-04 -8.032310806374384298e-07 -2.817633146631565013e-07 3.278881659147821569e-07 2.164526317969328518e-07 4.271431196989155088e-07
2.914931458088090379e-06 -3.031482084237350305e-07 1.852728995415720490e-06 1.742078870445176770e-07 7.428037987940884321e-07 6.030548704112047182e-07 -5.967652589059415463e-06 -1.130510396653907751e-07 1.918659591135491233e-07 -3.599537338764351344e-07 -4.489126387236992873e-03 6.019473338279919170e-05 -5.695373639269019116e-04 1.648183833249568632e-03 2.589225668530658144e-04 1.772291501135714689e-04 -4.038293030636219130e-04 2.403912408292786481e-04 1.203452534866464654e-02 4.211712561453300613e-02 2.437525919859843525e-03 -3.294993218752637499e-03 -1.242323429023920676e-05 -7.651080204018174022e-06 4.787489918595907887e-05 1.913523689316634380e-05 8.121277597505218576e-03 -5.254380416337813491e-05 -4.080698357677618445e-07 5.050907866665876896e-07 9.795140932009597169e-07 -1.836647403340278203e-07 -2.017479876347772310e-07 -1.609610442308464086e-04 -1.181177378601126169e-04 1.535236564508143964e-06 -1.165205528244737061e-06 -1.714198872231620281e-06 -6.765602910970870634e-08 -6.773935610991830117e-07
-1.172629732438468075e-05 -1.719124797582151259e-05 -3.801729316913365788e-06 -8.179345768255065533e-07 1.573404656540643074e-07 -2.905092098766977603e-06 3.074234674348434872e-07 -2.114473579927728737e-06 5.964862204562746414e-07 3.013157354997706556e-07 -4.432269470741621864e-02 6.478113795955748981e-04 3.891819879115858156e-03 -3.310588661522133672e-03 4.561349616171502842e-03 1.247996706957294703e-03 1.579901457693627664e-02 1.902617802526067325e-02 5.787467110120841918e-01 3.341745128085502614e-01 2.560634859048648293e-01 4.004705026211962116e-01 -7.184058581912791122e-05 5.420855715664097324e-05 3.906341409282977053e-05 -9.079438842394720662e-06 -5.254380416337813491e-05 2.923034648016584747e-01 2.811672377603229095e-06 2.713637803651720454e-06 -3.301367692568667395e-06 -1.546808053425120592e-06 -3.344550747274914580e-06 -1.818457906530472536e-03 -2.830931452609624765e-03 3.835440832034704256e-06 -1.733512487946976997e-06 4.064772010024247516e-06 2.526941909238705092e-06 6.536605638304056596e-07
3.646874217560418427e-07 -4.179883871118337846e-08 1.976770416144793108e-08 3.464359280386311457e-09 2.408519902100015783e-09 1.750135727522893911e-07 2.201499459102831768e-06 1.196952858104783891e-08 -2.139316582182435476e-09 2.387566413982428169e-09 1.601567678120630523e-06 1.979655879087299464e-06 1.074876399880902865e-05 -9.175456002989038792e-06 1.240193332853647805e-06 3.072067304483305744e-07 3.120775559954768049e-05 2.657959576606183733e-05 5.035423589716654874e-04 1.279058923413566929e-04 -3.661929793548802806e-04 -2.799060952342286653e-04 8.519171812646951880e-08 3.731695553777577681e-08 -3.855066538666081409e-07 -1.434952278342834587e-08 -4.080698357677618445e-07 2.811672377603228248e-06 3.238210590313366886e-06 2.826686884705402832e-07 1.316315160162737677e-07 4.190818887257727801e-08 -2.244620036361803883e-09 -1.487005001828378897e-05 6.628117145411163718e-07 -9.700976639991119202e-07 6.687531447337986439e-07 4.515068115051107045e-07 1.839983010011068447e-07 -1.372310045269698032e-07
6.963518946641683808e-07 2.775698775045648150e-07 5.152530049496031078e-08 1.193910005066848422e-08 -5.501494188829302493e-08 3.008689813181454455e-07 9.726676829778867224e-07 3.919139231787609533e-08 -2.628453962602059383e-09 -1.719954755455648539e-09 -1.630906473250185243e-05 -2.623662556240614198e-06 -9.133168763832275459e-06 1.413639340230768501e-05 8.595840038367122404e-06 6.366878310816636605e-06 3.815753570504028529e-06 1.741573860303791100e-05 7.934585746781342135e-05 -8.231303547316721385e-04 -2.962075941447732483e-04 -6.679601170193538370e-04 6.681062291304305246e-08 2.329298851207667432e-07 -3.354488152766672109e-07 -1.648065804956695258e-08 5.050907866665876896e-07 2.713637803651723842e-06 2.826686884705402832e-07 3.124776166264911958e-06 2.065708425552383157e-07 1.261860221977016617e-07 3.994189812726071335e-08 2.542633697907395823e-05 2.185056042727634892e-05 3.963600820976890145e-07 -1.841691723035473130e-06 6.320241418874334053e-07 5.993316610970133278e-07 4.450071478144441086e-07
4.466974643792587460e-07 2.632709228890654853e-07 3.846579778890811699e-08 1.272759378345385933e-08 -7.044713148028844086e-08 2.416230638680145979e-07 2.626612274953897618e-08 1.752172192278108217e-08 -7.753978558230763378e-10 -8.162448808604689355e-10 8.333219851352031352e-05 9.539228409189282701e-08 1.494832840324451925e-05 -4.633680014208475054e-06 -2.052373819284767008e-06 -7.475814761001757101e-07 1.109231920536430101e-05 3.164146217481497063e-05 1.298167286997521425e-04 -1.619452092155193753e-04 4.142992928019505173e-04 -4.453773563499223366e-04 -1.112913693609944859e-07 -1.163134003704251623e-07 -6.018049918803162616e-07 -1.056052310139192685e-07 9.795140932009597169e-07 -3.301367692568666548e-06 1.316315160162737942e-07 2.065708425552383157e-07 3.346045868696740683e-06 1.822162009430099654e-07 8.851748632015512147e-08 7.117143848978912416e-06 -1.750391894523063504e-05 1.797750769534494728e-07 4.534098650038236340e-07 -1.863559426161135764e-06 6.768463613684284788e-07 6.692671999423972243e-07
-3.753128294867925700e-07 5.919165609082729109e-08 -2.384946648787730630e-08 2.101173543700248277e-09 -6.021423141589505968e-08 -7.482638581449457838e-08 -4.125253963244702412e-07 -9.635808093749602699e-09 3.213107652904396523e-09 -5.257898009561103485e-11 -1.960464502318214563e-04 6.609452188977177214e-07 7.076053386797294323e-06 -1.905935410497744845e-05 1.205173391390627681e-05 -7.927188424786324859e-06 -1.076100356379816791e-05 7.932863878482128973e-06 -2.734915517155243414e-04 -4.090073965870771118e-04 -6.364582051374238769e-04 -4.012949285456547102e-04 -7.624687986690036203e-08 -2.934192837495914444e-08 -4.770315978272602338e-07 -1.240647263354432367e-07 -1.836647403340278203e-07 -1.546808053425121015e-06 4.190818887257727801e-08 1.261860221977016617e-07 1.822162009430099390e-07 3.610507708003362720e-06 1.180137726289649310e-07 1.417419889896962592e-06 4.172741142088939559e-06 2.073109595140490221e-08 2.851841557546524116e-07 4.724888513458454371e-07 -1.397931144015645008e-06 6.347326488833947915e-07
-1.027740865495773285e-06 2.477002834064600842e-07 -3.484730129088280806e-08 -5.117494680624142347e-10 -1.843313097928089823e-08 -4.919923916900279175e-07 -1.272064703632683091e-07 -3.917022749156530290e-08 -7.276154145819111365e-10 -1.730014412153154138e-09 2.982667518099332442e-05 1.416026785916256231e-06 1.441016027990379614e-05 -1.789152858647728090e-05 1.313610935031788610e-05 -8.974156933760787136e-06 -9.619187627792591028e-06 -4.852135336589360565e-05 -7.033536014090948198e-04 -1.312393240197577346e-03 -8.116970634332899837e-04 4.416194081704433280e-04 5.255466097149796095e-08 4.901761380777628051e-08 -3.626835979755060749e-07 2.103553228618950238e-07 -2.017479876347772310e-07 -3.344550747274914580e-06 -2.244620036361803883e-09 3.994189812726071335e-08 8.851748632015512147e-08 1.180137726289649310e-07 3.873414775282390584e-06 3.716769238541510430e-06 -1.477802621689223446e-06 5.226463997536229927e-09 7.805391559265692404e-08 2.107133860153329238e-07 3.103175007354019185e-07 -8.482251246008778275e-07
3.384053239213860348e-04 -8.432577141416684452e-08 1.057657273148250465e-05 1.304506972440067339e-06 3.636724690687320057e-06 1.389168700899353183e-04 -1.208967171827776048e-04 8.900081243823515463e-06 -2.008377670184334070e-06 -7.872856340897780763e-08 -4.326178412113034638e-02 4.427976930342401342e-03 -1.151648717882249387e-02 2.887804538977012739e-02 7.972131642244742120e-03 1.222987420352855334e-02 3.204651501198511887e-02 3.771990032896842260e-02 5.838868143024418256e-01 -7.195911112572836443e-02 -8.302061429893380362e-01 -5.157554193071873794e-01 1.413099351831945268e-04 -1.318194277363444241e-04 -6.371208610882271150e-04 2.861097691996884762e-04 -1.609610442308464086e-04 -1.818457906530472536e-03 -1.487005001828379405e-05 2.542633697907397517e-05 7.117143848978920886e-06 1.417419889896975721e-06 3.716769238541510430e-06 8.400537349314522118e+00 1.360459512834323766e-02 -3.286647455535269652e-05 -4.996094769509033225e-06 -1.303264157619068406e-06 2.408595975361894845e-06 7.034035665715082159e-06
-1.248088789989479982e-04 -1.467022821098878515e-04 -1.760693164624664896e-06 -3.939317398328274743e-06 9.521289943314872057e-06 -7.358995894173672996e-05 3.163707728608527574e-05 3.474687726346763455e-05 3.102116661433377312e-06 2.487885719245107943e-06 -4.086688175199845036e-02 -3.375718789899151938e-04 3.641571167432337223e-03 -1.887318662338547965e-03 -1.075645704775561248e-02 1.584214178742678406e-02 9.305135888769520839e-04 1.904933000017230635e-02 -3.725315500415994630e-02 3.108833396681582109e-02 -6.242966481751754254e-02 -9.574288873892321250e-02 8.674733113237789381e-05 -1.805507436226573992e-04 -4.146358435159441629e-04 -3.820361920102251425e-04 -1.181177378601126169e-04 -2.830931452609624331e-03 6.628117145411163718e-07 2.185056042727634892e-05 -1.750391894523064520e-05 4.172741142088939559e-06 -1.477802621689223446e-06 1.360459512834324633e-02 8.357935107348170689e+00 -1.677620044332076842e-05 1.996315597149313177e-05 8.332061133605755360e-07 -8.768452784036201154e-06 -4.546882744637119924e-05
3.414231951018855619e-07 -1.001788835480781203e-07 -3.989717571438694852e-09 -2.092467373296741961e-09 -4.326600457931069409e-09 1.793229962691471897e-07 2.471110992271409264e-06 2.582745045894712539e-08 -2.736448306523035749e-09 -1.107147501804498101e-09 -2.248080940045007369e-05 -2.759885260694990888e-06 -8.729887779071445408e-06 3.580353257436300372e-05 -7.082389489910551563e-06 -1.421983073523848382e-05 -1.251846494776360495e-05 -1.130767289215716579e-05 5.392557234284160755e-05 -9.120943506238346661e-04 2.467151682566718317e-04 2.473573062012274291e-04 -2.384576557106855734e-07 -1.210014523081896138e-07 5.369341753631622214e-08 -8.032310806374384298e-07 1.535236564508143964e-06 3.835440832034704256e-06 -9.700976639991119202e-07 3.963600820976890145e-07 1.797750769534494464e-07 2.073109595140490221e-08 5.226463997536229927e-09 -3.286647455535270329e-05 -1.677620044332076842e-05 2.337447675288242192e-05 9.917528534643616162e-07 6.982454712448347985e-07 3.329642947564695583e-07 -1.484500713695027198e-07
1.422455649193730503e-06 1.181761697542591443e-06 1.568790731788114459e-07 3.834926885814633142e-08 -1.317895856953779128e-07 5.391221165620220561e-07 1.198516876334100987e-06 2.089239529223860867e-08 -2.012626280895417926e-09 -1.677026356946829071e-09 -5.760207329494517462e-05 2.604383782385775478e-06 4.796005294109468599e-05 -4.335575931471995388e-05 1.556125800999306823e-06 -3.320990302720459356e-06 1.658182466057625206e-05 -3.432198800950732976e-05 -1.278125547037520932e-03 -5.051631342122139216e-04 7.209280282604494479e-04 -5.678298488373451948e-04 2.204829074898497246e-07 -3.284740749363861724e-07 -5.795667395076161222e-07 -2.817633146631565013e-07 -1.165205528244737061e-06 -1.733512487946983773e-06 6.687531447337987498e-07 -1.841691723035472919e-06 4.534098650038236340e-07 2.851841557546524116e-07 7.805391559265692404e-08 -4.996094769509051859e-06 1.996315597149313855e-05 9.917528534643618279e-07 1.913344703123029183e-05 1.931541516842408879e-06 1.855293712377187270e-06 1.429021304201358141e-06
2.479866881726120158e-07 1.885288847607603695e-06 9.330364159057840403e-08 4.478694377048944615e-08 -3.038624899911707954e-07 1.056502050866195998e-07 -6.898395476162772831e-07 6.580995057261531147e-09 -4.111456479075146854e-10 -4.641836893469461604e-09 -4.743713813022519413e-04 -7.968499604325111432e-06 -5.484243898969954942e-06 -6.890746041852002897e-06 1.889839945090045160e-05 4.353145577491141397e-06 2.237009486791215161e-05 5.917746663338598366e-05 -6.932804756343954791e-04 -1.642786848840447397e-03 -7.617527654241113347e-04 -3.893903971656835711e-04 7.210570423647172889e-08 3.169150068150062588e-07 3.407555391274893966e-08 3.278881659147821569e-07 -1.714198872231620281e-06 4.064772010024250904e-06 4.515068115051107045e-07 6.320241418874334053e-07 -1.863559426161135553e-06 4.724888513458454371e-07 2.107133860153329238e-07 -1.303264157619072641e-06 8.332061133605755360e-07 6.982454712448347985e-07 1.931541516842408032e-06 1.529942954988888394e-05 3.493034831695765661e-06 3.625747756609520976e-06
