# logA ns H0 omegab omegam omegam_growth LSST_DZ_S1 LSST_DZ_S2 LSST_DZ_S3 LSST_DZ_S4 LSST_DZ_S5 LSST_A1_1 LSST_A1_2 LSST_M1 LSST_M2 LSST_M3 LSST_M4 LSST_M5
7.656485392505035618e-03 4.785978347472309041e-04 -6.247838994778606714e-02 -4.458852241702826928e-06 -4.986297741418637850e-04 -1.372931037067276309e-03 2.248640609876454831e-06 -2.233561664772677376e-06 -2.193652468544529330e-06 -1.853554704717793866e-06 -2.818986647158502819e-07 9.562041896232943835e-04 7.880572030403199674e-03 -1.303568290418228510e-06 1.000525420164498122e-07 -6.085764389012532409e-06 -1.052393410670530485e-05 -1.307319635580322615e-05
4.785978347472309041e-04 4.851296457564587190e-04 6.834987891329855677e-04 6.133323658259586223e-06 -4.265385938068200005e-05 3.916717539818398647e-05 -2.110285225978106236e-06 5.386994793788648562e-07 -9.430325361962956327e-07 9.428519988178252102e-08 -3.201246015227475991e-07 1.774915401048993884e-03 2.244102397184203485e-03 -7.806527743244144623e-07 9.221982073682816074e-08 6.426718698458050940e-07 1.411799909076131497e-06 1.067266368572127459e-06
-6.247838994778606714e-02 6.834987891329855677e-04 7.243842765208222012e+00 7.171856946657429420e-03 -1.488684007439632778e-03 -4.532599893990361777e-03 -2.682787318330794228e-05 1.099347369339716041e-04 -4.770686767262555521e-05 -1.139157955882006350e-04 -5.880116451482030672e-05 -1.469857605451463656e-01 -4.857067322765794282e-02 2.694781980004976189e-06 -2.687544350836907638e-04 -5.076202362602333097e-05 -2.119586587566347645e-04 8.219254578890383331e-05
-4.458852241702826928e-06 6.133323658259586223e-06 7.171856946657429420e-03 1.416225751187760623e-05 -1.532915952113818976e-05 6.939499296218455934e-06 1.132126330715357191e-07 3.758297965384813428e-07 -1.729168682823298556e-07 -2.663276910086535186e-07 -2.625701777465938002e-07 -8.712505976103374452e-05 -9.318346608496923613e-05 8.847550977978698496e-08 -1.457981498213391400e-08 4.008118308301977255e-08 -2.252958085499367494e-07 -2.469329094588241081e-07
-4.986297741418637850e-04 -4.265385938068200005e-05 -1.488684007439632778e-03 -1.532915952113818976e-05 1.622569409536311197e-04 -6.928786662368793478e-05 -5.173092383113673592e-07 2.528188485054077911e-08 -6.335442033177821915e-07 4.719363441146509406e-07 -3.789454879265830284e-07 8.782874622938717513e-04 4.734386677230145241e-05 -7.153775156126339725e-07 -2.031557970024170889e-06 -8.631900173446534158e-07 2.896826708810342606e-07 1.279275380691415023e-06
-1.372931037067276309e-03 3.916717539818398647e-05 -4.532599893990361777e-03 6.939499296218455934e-06 -6.928786662368793478e-05 2.073590786370290654e-03 -1.379197743070260358e-06 2.210263596678130675e-06 -2.704093439888413574e-06 -2.336655110702303826e-06 1.942255929325935875e-06 2.210305275026561069e-03 -2.410169384125087841e-03 1.182929153442268423e-06 -2.486295126961957660e-06 -2.322277582703219435e-06 -2.443838789659768573e-06 2.685516881023629669e-07
2.248640609876454831e-06 -2.110285225978106236e-06 -2.682787318330794228e-05 1.132126330715357191e-07 -5.173092383113673592e-07 -1.379197743070260358e-06 4.000270988758043510e-06 -5.713101709103171542e-08 7.590640853097325963e-08 9.520167122394007153e-08 8.307463562619674786e-08 1.821297061047897139e-04 -1.179358527196165141e-05 -7.436158642898172357e-08 7.719988993157523701e-08 -2.703045925566036830e-09 -2.365020141377632057e-08 3.758244554925225938e-08
-2.233561664772677376e-06 5.386994793788648562e-07 1.099347369339716041e-04 3.758297965384813428e-07 2.528188485054077911e-08 2.210263596678130675e-06 -5.713101709103171542e-08 4.012832000782341623e-06 -4.792833358529459274e-08 -1.059560990263669522e-08 7.565352875267754874e-09 -5.782936842435467518e-05 2.442788903223453703e-04 -2.308504696355932542e-08 -2.097713754176740274e-07 5.061057415915457140e-08 4.168886452478160499e-08 4.846032585224288763e-08
-2.193652468544529753e-06 -9.430325361962956327e-07 -4.770686767262555521e-05 -1.729168682823298556e-07 -6.335442033177821915e-07 -2.704093439888413574e-06 7.590640853097325963e-08 -4.792833358529459274e-08 3.826006163653283369e-06 2.816880121078750901e-08 8.117442074771434819e-08 1.899322745894436887e-05 -1.451457785786888863e-04 7.030352561035320404e-08 9.353819686408030571e-09 -8.284845453865010948e-08 5.948459141238969492e-08 4.589792048482404280e-08
-1.853554704717793866e-06 9.428519988178252102e-08 -1.139157955882006079e-04 -2.663276910086535186e-07 4.719363441146509406e-07 -2.336655110702303826e-06 9.520167122394005830e-08 -1.059560990263669522e-08 2.816880121078750901e-08 4.024241188158445411e-06 -2.620841340804060410e-08 1.873909582044925649e-05 -8.855719877797930549e-05 6.049495882625306341e-09 7.355179876788222241e-08 -2.385303211222134264e-08 -4.999591968036649993e-08 -1.638661375526559633e-09
-2.818986647158507584e-07 -3.201246015227475991e-07 -5.880116451482030672e-05 -2.625701777465938002e-07 -3.789454879265830284e-07 1.942255929325935875e-06 8.307463562619674786e-08 7.565352875267758183e-09 8.117442074771434819e-08 -2.620841340804060079e-08 3.940391806401846540e-06 1.124674845883739911e-04 -4.237135347726341482e-05 2.816303667922346856e-08 -3.148320693194767355e-08 8.164509447139113088e-08 9.478955118782057246e-08 -1.953601475248708488e-08
9.562041896232943835e-04 1.774915401048993884e-03 -1.469857605451463656e-01 -8.712505976103374452e-05 8.782874622938717513e-04 2.210305275026561069e-03 1.821297061047897139e-04 -5.782936842435467518e-05 1.899322745894436887e-05 1.873909582044925649e-05 1.124674845883739640e-04 8.528315820467051722e+00 -1.339539713740339477e-01 6.382001111845809361e-06 -5.207252091421288667e-05 -7.629566972689717731e-05 2.014443429782228942e-05 -1.069263105503410876e-05
7.880572030403199674e-03 2.244102397184203485e-03 -4.857067322765794282e-02 -9.318346608496923613e-05 4.734386677230145241e-05 -2.410169384125087841e-03 -1.179358527196165141e-05 2.442788903223453703e-04 -1.451457785786888863e-04 -8.855719877797930549e-05 -4.237135347726341482e-05 -1.339539713740338922e-01 8.364756687764483445e+00 -1.205557082606600682e-05 1.428366153794103516e-04 -2.512265095583535163e-05 -9.482015471809113952e-07 7.674678081274212665e-05
-1.303568290418228510e-06 -7.806527743244144623e-07 2.694781980004983813e-06 8.847550977978698496e-08 -7.153775156126340784e-07 1.182929153442268423e-06 -7.436158642898172357e-08 -2.308504696355931880e-08 7.030352561035320404e-08 6.049495882625306341e-09 2.816303667922346856e-08 6.382001111845805126e-06 -1.205557082606601190e-05 2.487205437645614921e-05 -3.978566057413263028e-08 -2.921032775760266260e-08 2.205750564454347509e-09 -3.130968755319763137e-08
1.000525420164500504e-07 9.221982073682816074e-08 -2.687544350836907638e-04 -1.457981498213392889e-08 -2.031557970024170889e-06 -2.486295126961957660e-06 7.719988993157523701e-08 -2.097713754176740274e-07 9.353819686408037188e-09 7.355179876788222241e-08 -3.148320693194767355e-08 -5.207252091421288667e-05 1.428366153794103516e-04 -3.978566057413263028e-08 2.471739368877245662e-05 2.072145344878466374e-07 3.793676174800906906e-08 8.216847353205152361e-08
-6.085764389012532409e-06 6.426718698458050940e-07 -5.076202362602334452e-05 4.008118308301977255e-08 -8.631900173446534158e-07 -2.322277582703219435e-06 -2.703045925566036830e-09 5.061057415915457140e-08 -8.284845453865010948e-08 -2.385303211222134264e-08 8.164509447139113088e-08 -7.629566972689719086e-05 -2.512265095583536179e-05 -2.921032775760267252e-08 2.072145344878466374e-07 2.412757783767109149e-05 2.932537084820950616e-07 7.888819599879802815e-08
-1.052393410670530485e-05 1.411799909076131497e-06 -2.119586587566347645e-04 -2.252958085499367494e-07 2.896826708810342606e-07 -2.443838789659768573e-06 -2.365020141377631726e-08 4.168886452478160499e-08 5.948459141238969492e-08 -4.999591968036649993e-08 9.478955118782055922e-08 2.014443429782228603e-05 -9.482015471809113952e-07 2.205750564454347509e-09 3.793676174800905583e-08 2.932537084820950616e-07 2.375004695010219356e-05 5.164685539341991065e-07
-1.307319635580322615e-05 1.067266368572127035e-06 8.219254578890383331e-05 -2.469329094588241081e-07 1.279275380691415023e-06 2.685516881023629669e-07 3.758244554925225938e-08 4.846032585224288763e-08 4.589792048482404280e-08 -1.638661375526555911e-09 -1.953601475248709481e-08 -1.069263105503409351e-05 7.674678081274214020e-05 -3.130968755319761814e-08 8.216847353205152361e-08 7.888819599879801492e-08 5.164685539341991065e-07 2.449328109824045954e-05
