# logA ns H0 omegab omegam omegam_growth LSST_DZ_S1 LSST_DZ_S2 LSST_DZ_S3 LSST_DZ_S4 LSST_DZ_S5 LSST_A1_1 LSST_A1_2 LSST_M1 LSST_M2 LSST_M3 LSST_M4 LSST_M5
6.655454223613234584e-03 1.109582699780304032e-03 -1.129197877806343009e-01 2.184543975405060947e-05 -4.035255995714757027e-04 -7.452094617268583939e-04 -3.038377729415431962e-06 1.069286426396058979e-05 8.806817424760565074e-06 3.023331331477757676e-06 -9.840369407861988515e-06 8.620600338389787509e-03 3.054625143410499670e-03 9.138525484403974103e-06 1.558524913570463435e-05 1.197236588720631897e-05 -1.012726598894671208e-05 -7.600377963144018707e-05
1.109582699780304032e-03 4.511338247328862514e-04 -2.926983896226651935e-02 4.055626738959440297e-05 -3.953370660120753019e-06 8.182086664064204811e-05 -1.420112523663810796e-06 -6.047287761156194642e-07 -3.349586088912380046e-08 6.589017518795109992e-07 1.953974134747762202e-06 2.448690411420435808e-03 8.230538297430713655e-04 -2.043448715815707864e-07 -1.292091254058754567e-07 5.302505994374424124e-07 2.364034790426392506e-06 6.500042503781896262e-06
-1.129197877806343009e-01 -2.926983896226651935e-02 8.764008624762514188e+00 5.199087040116913069e-03 -1.256729474164247802e-02 -1.830310735782086223e-02 8.135051247210703970e-05 2.340178387045582971e-04 1.792369802818254024e-04 2.673598662798232109e-04 -2.323371251640292011e-04 -2.388375447074843616e-01 -1.711910666551575699e-01 1.239582055612787411e-04 5.658708556016723039e-04 7.421564944744982401e-04 1.810903989065781416e-04 -9.661622351206068052e-04
2.184543975405060947e-05 4.055626738959440297e-05 5.199087040116913069e-03 3.000930110801257778e-05 1.606442667512418115e-05 2.898581197778595011e-05 -5.357831705793798089e-07 -3.406791299286121405e-07 -2.858944391259761761e-07 7.787579079001752628e-08 -1.977401324855058370e-07 3.780013605468333709e-04 -4.421297873150957085e-05 -2.131324460968535147e-07 -7.485805935924542609e-07 -8.747275176918900131e-07 -2.840849808761860736e-07 1.834720802575047973e-06
-4.035255995714757027e-04 -3.953370660120753019e-06 -1.256729474164247802e-02 1.606442667512418115e-05 1.292002364221695170e-04 1.795330739605449676e-04 -7.273356737440897779e-07 -2.907313562739145893e-06 -2.498285098196875251e-06 -1.679964810244312513e-06 1.340275026360238603e-06 3.094303100699120988e-04 3.014528205479903534e-04 -2.038854104148466698e-06 -5.668728494566254080e-06 -6.777028902702836279e-06 -1.757703822807858961e-06 1.265334035853723458e-05
-7.452094617268583939e-04 8.182086664064204811e-05 -1.830310735782086223e-02 2.898581197778595011e-05 1.795330739605449676e-04 7.222481643670131514e-04 3.004869912593764522e-06 -3.858324598365019160e-06 -4.181307831767584881e-06 -2.174135665086455127e-06 3.961368051622283057e-06 -8.731936035704567162e-05 -5.055466723013378114e-04 9.805665427257322718e-07 -6.414768760614388727e-06 -1.161366521759889444e-05 -3.173987051664843947e-06 2.742411263047642132e-05
-3.038377729415431962e-06 -1.420112523663810585e-06 8.135051247210703970e-05 -5.357831705793798089e-07 -7.273356737440897779e-07 3.004869912593764522e-06 3.396699025062900010e-06 2.570657665982777989e-07 3.881327856010571202e-08 4.415926129775659765e-08 -1.906202890333883167e-08 -1.402587097656870444e-04 1.229278086881124910e-05 -9.342268496534605871e-07 6.856979137317355691e-07 4.701829052191896755e-07 1.484457120740518211e-07 -1.754885270224085962e-07
1.069286426396058979e-05 -6.047287761156194642e-07 2.340178387045582971e-04 -3.406791299286121405e-07 -2.907313562739145893e-06 -3.858324598365019160e-06 2.570657665982777989e-07 3.295036579356550924e-06 1.210969860873229471e-07 2.680744604391877180e-07 -5.431779482040774133e-08 -2.085330322948517469e-04 2.640403782495329859e-04 4.793797307045081876e-07 -1.779952561986465449e-06 8.644134454016029890e-07 5.050943537422455415e-07 2.070157875666471222e-07
8.806817424760565074e-06 -3.349586088912380046e-08 1.792369802818254024e-04 -2.858944391259761761e-07 -2.498285098196875251e-06 -4.181307831767584881e-06 3.881327856010571202e-08 1.210969860873229471e-07 3.513976842141649535e-06 2.071371733860300010e-07 5.739916037896251551e-08 -3.462433954018069300e-04 -1.670216288576823166e-04 1.880051629526806407e-07 5.431906792371781292e-07 -1.792773577972100311e-06 7.755957743572735800e-07 5.741526082025460921e-07
3.023331331477757676e-06 6.589017518795109992e-07 2.673598662798232109e-04 7.787579079001752628e-08 -1.679964810244312513e-06 -2.174135665086455127e-06 4.415926129775659765e-08 2.680744604391877180e-07 2.071371733860300010e-07 3.651377325960242402e-06 3.165047089986954542e-08 -4.971215240562782577e-05 -3.301819351401497391e-05 4.898846287529129982e-08 1.737438822607694087e-07 5.862945945992329089e-07 -1.462383526026167100e-06 5.176095098160552646e-07
-9.840369407861988515e-06 1.953974134747762202e-06 -2.323371251640291740e-04 -1.977401324855058370e-07 1.340275026360238603e-06 3.961368051622283057e-06 -1.906202890333883167e-08 -5.431779482040773471e-08 5.739916037896248904e-08 3.165047089986954542e-08 4.006553954078389872e-06 3.557305231371163059e-05 -6.076487770541026022e-05 2.922083155710674785e-08 5.780429055117188179e-08 1.541314091455270302e-07 4.229983414968752772e-07 -4.680660334337098711e-07
8.620600338389787509e-03 2.448690411420435808e-03 -2.388375447074843616e-01 3.780013605468333709e-04 3.094303100699120988e-04 -8.731936035704567162e-05 -1.402587097656870444e-04 -2.085330322948517469e-04 -3.462433954018069300e-04 -4.971215240562782577e-05 3.557305231371163059e-05 8.090695277527595763e+00 1.322403759244951404e-01 -1.454439670522027541e-05 -3.233645068340667433e-05 1.959768585948304549e-04 -1.907075711585169144e-04 -1.782948908101612698e-04
3.054625143410499670e-03 8.230538297430713655e-04 -1.711910666551575699e-01 -4.421297873150952342e-05 3.014528205479903534e-04 -5.055466723013378114e-04 1.229278086881124910e-05 2.640403782495329859e-04 -1.670216288576823166e-04 -3.301819351401497391e-05 -6.076487770541025345e-05 1.322403759244951404e-01 8.344969560241660034e+00 7.988979977635983441e-06 -2.336505956692569083e-04 -1.442159065606565956e-05 -1.574576469480616983e-04 -1.471759064290767752e-04
9.138525484403974103e-06 -2.043448715815706540e-07 1.239582055612787411e-04 -2.131324460968535147e-07 -2.038854104148466698e-06 9.805665427257322718e-07 -9.342268496534605871e-07 4.793797307045081876e-07 1.880051629526806407e-07 4.898846287529129320e-08 2.922083155710673462e-08 -1.454439670522026863e-05 7.988979977635981747e-06 2.340394823051921967e-05 1.058989532248102811e-06 6.682910419157892867e-07 3.133089203718238438e-07 -3.336279599192208123e-07
1.558524913570463435e-05 -1.292091254058754567e-07 5.658708556016724123e-04 -7.485805935924542609e-07 -5.668728494566254080e-06 -6.414768760614388727e-06 6.856979137317355691e-07 -1.779952561986465449e-06 5.431906792371781292e-07 1.737438822607694087e-07 5.780429055117186856e-08 -3.233645068340667433e-05 -2.336505956692569083e-04 1.058989532248102811e-06 2.008507607909007468e-05 1.796410332028245654e-06 1.527583613091931611e-06 6.191260416512617669e-07
1.197236588720631897e-05 5.302505994374424124e-07 7.421564944744982401e-04 -8.747275176918900131e-07 -6.777028902702836279e-06 -1.161366521759889444e-05 4.701829052191896755e-07 8.644134454016029890e-07 -1.792773577972100311e-06 5.862945945992329089e-07 1.541314091455270302e-07 1.959768585948304549e-04 -1.442159065606565448e-05 6.682910419157892867e-07 1.796410332028245654e-06 1.651792031676424508e-05 3.379554991555049365e-06 2.827537780592527783e-06
-1.012726598894671208e-05 2.364034790426392506e-06 1.810903989065781416e-04 -2.840849808761860736e-07 -1.757703822807858961e-06 -3.173987051664843947e-06 1.484457120740518211e-07 5.050943537422455415e-07 7.755957743572735800e-07 -1.462383526026167100e-06 4.229983414968752772e-07 -1.907075711585169415e-04 -1.574576469480616983e-04 3.133089203718238438e-07 1.527583613091931611e-06 3.379554991555049365e-06 1.417101058654105882e-05 5.820719354843219318e-06
-7.600377963144018707e-05 6.500042503781896262e-06 -9.661622351206068052e-04 1.834720802575047973e-06 1.265334035853723458e-05 2.742411263047642132e-05 -1.754885270224086226e-07 2.070157875666471222e-07 5.741526082025460921e-07 5.176095098160552646e-07 -4.680660334337098711e-07 -1.782948908101612698e-04 -1.471759064290767752e-04 -3.336279599192208123e-07 6.191260416512617669e-07 2.827537780592527783e-06 5.820719354843219318e-06 1.565256411987939875e-05
