# logA ns theta_MC_100 omegabh2 omegach2 tau w w_growth omegam_growth A_planck calib_100T calib_217T A_cib_217 xi_sz_cib A_sz ksz_norm gal545_A_100 gal545_A_143 gal545_A_143_217 gal545_A_217 ps_A_100_100 ps_A_143_143 ps_A_143_217 ps_A_217_217 galf_TE_A_100 galf_TE_A_100_143 galf_TE_A_100_217 galf_TE_A_143 galf_TE_A_143_217 galf_TE_A_217 LSST_DZ_S1 LSST_DZ_S2 LSST_DZ_S3 LSST_DZ_S4 LSST_DZ_S5 LSST_A1_1 LSST_A1_2 LSST_M1 LSST_M2 LSST_M3 LSST_M4 LSST_M5
3.191864956843240477e-04 9.503548675973267333e-05 1.110307907828729427e-05 2.796034766362999471e-06 1.756061467757189953e-06 1.083708614896011400e-04 1.779508038579501097e-04 9.415975807203129464e-04 1.323586032456564802e-04 9.004221584898047689e-06 2.238379603533031427e-07 -1.102399065822329014e-07 3.237946457824488183e-03 -9.737713130783068349e-06 -5.823217441100624232e-04 6.044797139437901520e-04 2.318255711148584935e-05 -3.190323678630734082e-04 -1.853156052660837830e-03 1.037721302559941911e-04 -3.709154659267398929e-02 5.571389973031760229e-02 2.815006348812491010e-01 1.661319129589958754e-01 -7.995255417290886234e-06 -6.205127210283193947e-07 -2.186987714288601755e-05 9.568909006871204555e-06 -4.490251152892797145e-06 -7.455867931147779678e-05 -9.999512933115420888e-07 6.717133177335654851e-08 1.259674006137201685e-06 5.415639619605059895e-07 -1.338975654474488694e-07 -1.509882678829687220e-04 -3.055731769172797185e-04 -1.626676454930603712e-06 1.239675658172639469e-07 2.585619664508693299e-06 3.107857835514971857e-06 -1.252474985569745564e-06
9.503548675973267333e-05 1.175490255899168997e-04 7.291692416311376528e-06 2.366740302849009511e-06 -4.897758399099054898e-06 1.732742628029339098e-05 9.015405014724696875e-05 -2.555255109706275487e-05 -1.975268769029704834e-05 -2.856455309822663147e-07 4.783418589900463843e-08 -5.592426050445440434e-08 -8.790251712449742225e-03 7.378941820393852813e-05 -5.321460770044193853e-04 3.604563202074054511e-04 6.178420657818820688e-04 2.541607463423526856e-04 6.297907742832768707e-05 1.953504593383647778e-03 -4.504854661689145640e-02 9.878292246139659671e-02 1.520870104599318651e-01 1.612555404014033925e-02 -4.889368314483412905e-06 1.107692387452672636e-06 -2.853304433087285276e-08 -7.981974735664729562e-07 4.078562783148457345e-06 8.870127842136327906e-05 -6.335335750326005848e-07 -1.072681302036197985e-07 5.645221062467852643e-07 3.084630037043328153e-07 8.790623844292049388e-07 -1.999841320427968099e-04 -6.290401760928135974e-04 -2.430711306556408649e-07 1.074066235905436328e-06 2.197391984688517569e-06 2.203045541251839672e-06 1.314644767149633617e-06
1.110307907828729427e-05 7.291692416311376528e-06 2.703906800386862138e-06 4.042327228417465499e-07 7.253810090664331200e-07 8.461648668302539366e-07 2.246225038847478154e-05 2.881884738209640446e-05 3.233517394467091060e-06 3.621328354506354920e-07 2.886602941042809027e-09 -4.821659655384743094e-09 1.229679571464655126e-03 -8.153543852782866168e-06 1.017531590121922613e-04 -5.960607168526687867e-05 1.811013999727170760e-05 2.276082951562480143e-05 -9.557959547937497119e-05 -1.362573331450637614e-04 5.287618396457203877e-03 -6.389886330981626658e-03 1.216924699567591139e-02 9.701522230415217038e-03 -2.557673820412097933e-07 4.076936273671310202e-07 -3.944828127131572145e-06 -8.249586319166839441e-08 1.071669134347536873e-06 -3.904359866019479369e-06 -1.463343372783127093e-07 -6.751329916604139683e-08 5.154857706369059243e-08 5.721284263495124985e-08 5.462449045334822361e-08 -1.627596265435235634e-05 -3.955529410442304249e-05 -8.702646856221218107e-08 2.580477388106947952e-08 1.556888116232184551e-07 3.556747481383858335e-07 2.221008917024529594e-07
2.796034766362999471e-06 2.366740302849009511e-06 4.042327228417465499e-07 1.210736710759733633e-07 -9.842539160401303894e-08 7.434310010476711850e-07 6.247301168455142453e-06 -6.219563915824210699e-06 -1.506252885468609716e-06 5.558138339962710664e-08 7.803139281789865506e-09 -6.935875977995760525e-10 -2.988398090181844786e-05 -8.806635638013739076e-07 -4.612853010036156372e-06 9.153330564245881391e-06 5.094847321841572907e-06 4.158652737735053988e-06 2.555382310407640553e-07 2.366605618917754455e-05 2.958138388201106699e-04 8.416731299724043974e-05 4.247008975005272732e-03 3.918492930611350983e-03 -1.400261951102130736e-07 -2.205739292207052929e-09 -3.842504512407530327e-07 -1.586016576133420160e-07 1.842607469604440843e-07 3.806060572680604195e-07 -3.111051959147229613e-08 -1.207158834221173964e-08 4.653001396974898748e-09 1.458980356271979090e-08 2.550410749429920436e-08 -1.049205224659168182e-05 -1.714096728543063546e-05 -1.781240925829778940e-08 -3.503518335031894473e-09 2.818212214642714114e-08 7.289555457714544969e-08 1.041807509049134396e-07
1.756061467757189953e-06 -4.897758399099054898e-06 7.253810090664331200e-07 -9.842539160401303894e-08 3.505452177731657526e-06 -5.217864316805500584e-06 -4.090456750819915942e-05 1.997890373853865558e-04 3.367366746029279992e-05 2.350397889857213220e-08 -3.247718249721456741e-09 -2.057159272896812574e-10 3.293446775651523266e-03 5.861161457031819792e-07 -5.570618295947219638e-05 1.217182078955530565e-04 -1.418556171168057730e-05 3.910575741525452942e-06 -2.855837895707770391e-04 -3.499297994492950835e-04 3.016012168530353508e-03 -9.666653097507410877e-03 1.906567113509323105e-02 -7.476155258379483561e-03 1.520312376222716384e-06 8.459278583792786599e-07 -1.762795687054316207e-06 2.956768467779214272e-06 1.255727839666783044e-06 -6.065992069187898118e-06 6.282958865067534618e-08 1.074141999219602960e-07 1.094333970142654994e-07 -5.427238533125153529e-08 -1.868872248794508203e-07 3.876886102599956188e-05 4.738344468521402277e-05 -4.182993968121126768e-08 3.482393381704923079e-07 3.783789133702151304e-07 -9.755022803938170159e-08 -1.217581331532299153e-06
1.083708614896011400e-04 1.732742628029339098e-05 8.461648668302539366e-07 7.434310010476711850e-07 -5.217864316805500584e-06 6.133082448952855456e-05 1.458621840948697403e-04 1.383592593846342424e-05 -1.159083382516627960e-06 -6.189316831966987996e-07 2.415101120393177442e-10 -3.896063001215482530e-08 -6.024644830997483505e-03 -2.796704053038816335e-05 2.457986908943705570e-04 -3.220852011656168286e-04 1.538905510574957555e-04 -9.531860237557408821e-05 9.195244338687260353e-05 1.335203376813319076e-04 -2.898585038306780021e-03 3.600990111328895155e-02 3.729033196805298794e-02 1.056583489306227169e-01 -4.657481712141089884e-06 -3.204115942507443010e-06 -1.193727392422442297e-05 -1.361384685794637851e-06 -2.991536413205812830e-06 -8.133264929353760961e-05 -4.866976052238967795e-07 -2.255767670226622448e-07 2.339389846154150795e-08 1.950366735384568392e-07 1.171909918612299614e-07 -1.013834174397937793e-04 -1.168792867537180372e-04 -5.694776400250382973e-07 -1.141499173019275362e-06 -3.888687047023410036e-07 9.414759291830845170e-07 1.998564949792869032e-06
1.779508038579501639e-04 9.015405014724673836e-05 2.246225038847476799e-05 6.247301168455140759e-06 -4.090456750819915942e-05 1.458621840948697403e-04 3.179959038001728498e-03 -2.937023447641294777e-04 3.817329145096308072e-04 4.426408205773683702e-07 1.851667276655204524e-07 2.236423699213534977e-07 -1.100156971477047746e-01 -7.341698279864087217e-04 4.895963599160732017e-03 -3.666564370567065509e-03 1.260954755825094463e-03 -2.535943853315122259e-03 6.573327873201343166e-03 1.585115327165895205e-02 -1.037631201337974735e-01 4.221574435260695424e-01 -3.214569304731569321e-01 6.782955286228959935e-01 -3.114741998648842928e-05 -3.295183772298978299e-05 -1.065546451551641652e-04 -2.666673749970259580e-05 5.722345677841683247e-05 -3.449065388661804853e-04 -1.832372641394205013e-05 -1.898085520990566062e-05 -8.900436298703513069e-06 4.280588138560678318e-06 1.350944657887453438e-05 -2.023061400051189267e-03 1.132067383853880595e-03 -1.966120854380825670e-05 -4.362385096627236793e-05 -2.577392880841862670e-05 2.460528774907466516e-05 1.001083002472734931e-04
9.415975807203129464e-04 -2.555255109706275487e-05 2.881884738209640446e-05 -6.219563915824210699e-06 1.997890373853865558e-04 1.383592593846342424e-05 -2.937023447641290441e-04 1.803179806991359393e-02 3.799786040784936935e-03 1.000234836187080358e-05 -2.875144729751069174e-08 -3.170327731676970399e-07 7.713771282251756511e-02 -2.290485018889813700e-05 -4.480248523081407225e-03 8.001852332399122386e-03 1.379178102652448825e-03 -2.940711877007572399e-03 -1.395498316992585530e-02 4.332962565994072021e-03 -2.733135280529179201e-01 3.681784009169897232e-01 1.657992861832446430e+00 -1.377378274083296619e-02 5.914789195057086526e-05 3.345348892990276934e-05 -1.822820944930915205e-04 2.234222800008585754e-04 9.270216874741970495e-05 -7.141333521084478010e-04 -9.632012862302015237e-06 -2.711354452186229874e-06 7.021462524411915967e-06 5.165463938053114237e-06 5.627273779142870702e-07 5.267025493568720448e-04 3.815261100959678030e-03 -2.255944735305415557e-05 -6.885901973244739015e-06 3.025284744467448726e-05 5.054858446159623777e-05 4.177308950163903197e-05
1.323586032456564802e-04 -1.975268769029704834e-05 3.233517394467091060e-06 -1.506252885468609716e-06 3.367366746029279992e-05 -1.159083382516627960e-06 3.817329145096308614e-04 3.799786040784936935e-03 1.199283192732966078e-03 -1.837953876760829552e-06 -1.920361276236020114e-07 -1.828969406960349718e-07 -1.682622777546981599e-03 -1.277566339530553628e-04 7.537898752688370794e-05 6.007798485806388781e-04 6.926504053863626661e-04 -5.999234839950632475e-04 -1.202242388532768309e-03 2.932137220773213971e-03 -8.719107050890609334e-02 9.279122023080260684e-02 2.121718003803654828e-01 1.193398654994948238e-01 1.163678881785303386e-05 9.756426612723387590e-07 -5.385076619335157032e-05 2.716298615141170551e-05 2.605751955377255086e-05 -2.906551253922394127e-04 -1.432987207737266109e-06 -2.491317200368324552e-06 -1.108986038962355908e-06 1.530211932299275861e-06 2.393228486483917557e-06 -6.076362244306442563e-04 1.287878873566088503e-03 -3.683407529872421340e-06 -7.953596971865637696e-06 -1.351356101709855528e-06 8.705291693216732590e-06 2.161642501430090140e-05
9.004221584898047689e-06 -2.856455309822663147e-07 3.621328354506354920e-07 5.558138339962710664e-08 2.350397889857213220e-08 -6.189316831966987996e-07 4.426408205773644526e-07 1.000234836187080358e-05 -1.837953876760829552e-06 5.556602537804747022e-06 -2.709263233489717184e-08 7.831854615135244838e-09 3.746905053960624624e-03 2.712287004639053041e-06 -3.597745622098255300e-05 1.209877136155054994e-04 -7.465788595913515693e-05 -2.274294289721468690e-06 -2.331034018334245746e-04 5.220918050434266827e-05 7.402910686504398860e-03 -1.354523316346758176e-02 1.915322022356249782e-03 -6.175017476457338519e-03 -2.101736531552087010e-07 1.348743797112056584e-06 3.558869387041287718e-06 3.899553644673173385e-07 -6.644243563577082493e-07 5.766649089501875983e-06 4.905231294639989931e-08 5.565027055848384038e-08 1.350799035210671221e-07 6.118617126236954168e-08 -4.666935159321002387e-08 1.577550928031599218e-05 1.046307279892769399e-04 -1.136611866274764628e-07 2.472685429283405350e-08 5.785122720597933724e-08 2.273908666342202915e-08 -2.629045945133323470e-07
2.238379603533031427e-07 4.783418589900463843e-08 2.886602941042809027e-09 7.803139281789865506e-09 -3.247718249721456741e-09 2.415101120393177442e-10 1.851667276655206377e-07 -2.875144729751069174e-08 -1.920361276236020114e-07 -2.709263233489717184e-08 4.388967099768249365e-07 1.089804177993679120e-09 -4.309348110395519287e-06 2.105911146210486434e-06 3.491210054965258219e-05 -1.353245595328195971e-05 1.091039107084513620e-04 -9.844547225571491811e-05 -2.942608925613112767e-05 9.041888634916140510e-06 2.929017546822408006e-03 -3.917610836583832780e-03 3.412630790961102787e-05 7.304890243186808229e-04 -2.356506493759812965e-07 -4.290011220798782612e-07 8.456075662107484921e-07 3.206407315981794676e-08 -2.796519647590509172e-07 1.455894611401013078e-06 -6.715904728398297215e-10 -6.385628956643603742e-09 -3.143537758685236155e-09 -4.921822149692203335e-09 1.582013834291052512e-08 -9.128260633283973878e-06 5.920719389241372038e-06 -4.779132174080988782e-08 1.464727100882055850e-08 -4.330028144026881252e-09 4.322464070566043784e-08 1.245544260382664852e-08
-1.102399065822329014e-07 -5.592426050445440434e-08 -4.821659655384743094e-09 -6.935875977995760525e-10 -2.057159272896812574e-10 -3.896063001215482530e-08 2.236423699213534977e-07 -3.170327731676970399e-07 -1.828969406960349718e-07 7.831854615135244838e-09 1.089804177993679120e-09 4.101143125624646937e-07 5.374729203937347443e-04 4.654870464039395827e-07 -2.511783499390158831e-06 3.455912720169730369e-06 1.370011844895196882e-05 -9.747416533040662443e-06 2.448709521613118777e-04 4.881235916728312555e-04 5.091417674677180217e-04 -1.802175118278596597e-03 2.208021580196128670e-03 1.038967521951881444e-04 2.321839480563943946e-08 -3.902865480190848675e-09 -4.929300617053393340e-07 -5.388635539137990555e-08 7.175268927751694499e-07 -3.732805036190007831e-06 4.437531060136721215e-09 -7.705279854265706771e-09 -9.887059468307506880e-10 -1.659891923199539795e-09 -1.156222885282320108e-08 5.470664044704359774e-07 -8.496959013738147285e-06 -9.415868318075462186e-09 2.104466571060942035e-08 6.295973933417694454e-09 2.115370214340835871e-08 2.965224782021108559e-08
3.237946457824488183e-03 -8.790251712449742225e-03 1.229679571464655126e-03 -2.988398090181844786e-05 3.293446775651523266e-03 -6.024644830997483505e-03 -1.100156971477047746e-01 7.713771282251756511e-02 -1.682622777546981599e-03 3.746905053960624624e-03 -4.309348110395519287e-06 5.374729203937347443e-04 4.644990986923559149e+02 -1.111124905017039505e-01 -2.309655778564767559e+00 2.934382275003024620e+00 -6.019465064352698125e-01 -2.279702116619282126e-01 -2.271203709530365700e+01 -6.657609176750386837e+01 9.808975145593525724e+01 -4.013470856393508370e+02 8.566743722602010394e+02 -4.541917046587156506e+02 -9.708476845447441828e-03 1.411405009761202822e-03 2.171064442215708476e-02 2.953986809984517851e-03 8.426078083071218564e-04 6.304996928892867003e-02 3.150569901379670864e-04 5.837860170632073846e-04 4.741782172177085681e-04 -6.714996906172219279e-04 -4.322780948817924428e-04 -6.013184496807839619e-01 7.298193935016497602e-02 5.950948275542811833e-04 2.445159897334243070e-03 8.872761927535104121e-04 -3.772142196843889092e-04 -3.655997243040856343e-03
-9.737713130783112395e-06 7.378941820393851458e-05 -8.153543852782864474e-06 -8.806635638013733782e-07 5.861161457031819792e-07 -2.796704053038816335e-05 -7.341698279864087217e-04 -2.290485018889810650e-05 -1.277566339530553899e-04 2.712287004639048806e-06 2.105911146210487281e-06 4.654870464039395827e-07 -1.111124905017039505e-01 8.377171431736182838e-02 -1.054391663586963165e-02 1.254113689339165540e-02 1.374744557601239496e-03 7.587860693272245258e-03 9.050283374216481699e-03 -1.818097381870490553e-02 5.027201894392138160e-01 1.005774048880972993e-01 4.432921889619131917e-01 -4.354484268073812170e-01 -3.565402912480697135e-05 7.419382463941672073e-08 -2.256359995896340103e-04 9.544826653524984253e-05 3.015443355484126757e-04 -8.566159479654629873e-04 2.205293084405935233e-06 6.758172788670982986e-06 7.410643545090532283e-06 -2.586061565650835470e-06 -7.366285066512470950e-06 1.948908825279083157e-02 -1.686714659374329353e-04 5.730951627933547862e-06 3.242073143124246114e-06 2.789268508005051945e-05 3.606084363073785681e-06 -8.807250054024350316e-06
-5.823217441100624232e-04 -5.321460770044193853e-04 1.017531590121922613e-04 -4.612853010036156372e-06 -5.570618295947219638e-05 2.457986908943705570e-04 4.895963599160731150e-03 -4.480248523081407225e-03 7.537898752688370794e-05 -3.597745622098255300e-05 3.491210054965258219e-05 -2.511783499390158831e-06 -2.309655778564767559e+00 -1.054391663586964033e-02 4.617677378688925138e+00 -3.684940785839257771e+00 -1.180108552967217145e-01 2.348644508534854236e-02 6.235133090180892124e-01 6.691664238362106110e-01 -2.090917890941168089e+00 -2.607046460278958366e-01 1.920907274806880727e+00 3.680420719155105491e+00 7.714728121948686949e-04 1.043773792198581917e-03 -2.221922668569215487e-03 1.347826838413509511e-03 -9.180406979628089265e-04 1.997601968774066761e-02 2.827534891935258788e-05 1.331626370880389562e-06 -3.080300404846208269e-05 -5.271845946786880740e-05 8.903795845691693303e-06 3.494579052552318986e-04 9.284956207703722042e-02 -6.421465824612348030e-05 -1.417846468495490453e-04 -1.287660683474991488e-04 1.062597859107113504e-05 7.907750698021338712e-05
6.044797139437901520e-04 3.604563202074054511e-04 -5.960607168526687867e-05 9.153330564245881391e-06 1.217182078955530565e-04 -3.220852011656168286e-04 -3.666564370567068545e-03 8.001852332399122386e-03 6.007798485806388781e-04 1.209877136155054994e-04 -1.353245595328195971e-05 3.455912720169730369e-06 2.934382275003024620e+00 1.254113689339165019e-02 -3.684940785839257771e+00 7.446288693938320158e+00 6.988601495711158074e-02 -2.282300944669170620e-02 -4.763429349241501409e-01 -5.496144961020763553e-01 2.491385547001912837e+00 4.720532939290553176e-02 -6.058311290733131571e-01 -4.922524945122448869e+00 6.661871565140538298e-04 -1.723319108212601706e-04 3.578009033475377468e-03 3.666849637763901714e-04 -9.783274761311386118e-04 -1.592558083594111662e-02 1.023373698322623653e-05 -4.301883233030985890e-05 -3.583261214802687403e-05 -4.937347967851183595e-06 -5.300774744761788739e-05 -1.023371369290796418e-01 -2.926567349764309239e-02 3.184889578657349623e-05 1.877121784152260419e-04 2.184491220108915246e-04 -2.283296841260717603e-05 -5.252318686527057684e-05
2.318255711148584935e-05 6.178420657818820688e-04 1.811013999727170760e-05 5.094847321841572907e-06 -1.418556171168057730e-05 1.538905510574957555e-04 1.260954755825093596e-03 1.379178102652448825e-03 6.926504053863626661e-04 -7.465788595913515693e-05 1.091039107084513620e-04 1.370011844895196882e-05 -6.019465064352698125e-01 1.374744557601233859e-03 -1.180108552967217145e-01 6.988601495711158074e-02 3.459868855809392851e+00 3.844067601670801415e-01 1.466647954435318646e-01 3.439264261195100203e-01 -6.577001628661404808e+00 9.608076866886815282e+00 5.499264386207313171e-01 2.535664013830335684e+00 1.103862546385975984e-04 -1.675896216910739169e-04 -1.022531711245914729e-03 -1.469970627323741045e-03 -2.556228351288024076e-03 -1.399939233458154068e-03 -2.001249356777056143e-05 4.075074893436533125e-05 -2.070367676674608978e-05 -4.825502110257378111e-05 3.398239842253471124e-05 -2.167644120098254426e-02 -9.445926299999014841e-02 5.459710150736882093e-05 -3.213932976038050443e-06 8.390693545413257810e-05 6.899403150897515428e-05 1.048886320972124652e-04
-3.190323678630734082e-04 2.541607463423526856e-04 2.276082951562480143e-05 4.158652737735053988e-06 3.910575741525452942e-06 -9.531860237557408821e-05 -2.535943853315120958e-03 -2.940711877007572399e-03 -5.999234839950632475e-04 -2.274294289721468690e-06 -9.844547225571491811e-05 -9.747416533040662443e-06 -2.279702116619282126e-01 7.587860693272245258e-03 2.348644508534854236e-02 -2.282300944669170620e-02 3.844067601670801415e-01 3.345217743323285031e+00 2.493079821218923797e+00 2.316155956721050124e+00 9.450118500086523099e+00 -1.101595784188505434e+01 2.721249192525765803e+00 6.760932075783678830e-01 -3.216360047803690073e-04 4.927086619955700283e-04 -3.812636007409908731e-04 6.161342753094601048e-05 7.174888152612997252e-04 1.801920228268639665e-02 1.947710289297888310e-05 1.881991919879528303e-05 -2.482656753505990821e-05 1.275483635891921393e-05 2.370935931228233319e-05 1.536177937782710369e-02 -8.876323915206936477e-02 2.262838837833207591e-05 7.755817652772627972e-05 1.128322272007017133e-04 -4.305893985670598427e-05 -4.949547250660195992e-05
-1.853156052660837830e-03 6.297907742832768707e-05 -9.557959547937497119e-05 2.555382310407640553e-07 -2.855837895707770391e-04 9.195244338687260353e-05 6.573327873201343166e-03 -1.395498316992585530e-02 -1.202242388532768309e-03 -2.331034018334245746e-04 -2.942608925613112767e-05 2.448709521613118777e-04 -2.271203709530365700e+01 9.050283374216481699e-03 6.235133090180892124e-01 -4.763429349241501409e-01 1.466647954435318646e-01 2.493079821218923797e+00 1.875478518817453732e+01 3.206397381898720056e+01 3.445865959656843724e+00 6.327277722887547640e+01 -6.374375826236077813e+01 -3.793784347255021450e-01 1.536958391035540697e-03 -4.760128311099635608e-04 2.966172787047992527e-04 -2.802942537778585659e-03 -2.879641523259104940e-03 2.138896728509826969e-02 5.204177894150894916e-05 -9.325366719446636515e-05 -7.973958605909188448e-05 4.076635559428858871e-05 -2.003057413380780028e-05 -8.599668332044672903e-02 8.775221165922089672e-02 7.287209950118120956e-05 -1.184218428730721393e-05 -9.851431978454823645e-06 1.236464904733718389e-04 3.881921270472646216e-04
1.037721302559941911e-04 1.953504593383647778e-03 -1.362573331450637614e-04 2.366605618917754455e-05 -3.499297994492950835e-04 1.335203376813319076e-04 1.585115327165895205e-02 4.332962565994072021e-03 2.932137220773213971e-03 5.220918050434266827e-05 9.041888634916140510e-06 4.881235916728312555e-04 -6.657609176750386837e+01 -1.818097381870490553e-02 6.691664238362106110e-01 -5.496144961020763553e-01 3.439264261195100203e-01 2.316155956721050124e+00 3.206397381898720056e+01 8.465811293477065647e+01 -9.904750339805501014e+00 1.231756730299141509e+02 -5.351257616382017801e+01 -4.103401157606189287e+01 3.470743017027583862e-03 1.969449451004365813e-04 -6.012996331928473475e-04 -1.710067347524482943e-03 -5.682073084709083656e-03 4.046396941141062326e-02 1.156243847766196404e-04 -2.913308579987051419e-04 -1.159759733088876421e-04 2.235686925764231300e-04 9.685427833058305965e-05 7.271991279700816546e-02 2.074049535018064883e-01 1.634780952345112924e-05 -7.092587985644165430e-05 9.059629445861161229e-05 2.980393303620381242e-04 7.551883445124017409e-04
-3.709154659267400317e-02 -4.504854661689144252e-02 5.287618396457208214e-03 2.958138388201102362e-04 3.016012168530353508e-03 -2.898585038306780021e-03 -1.037631201337974735e-01 -2.733135280529182531e-01 -8.719107050890607946e-02 7.402910686504396258e-03 2.929017546822408440e-03 5.091417674677180217e-04 9.808975145593525724e+01 5.027201894392138160e-01 -2.090917890941166313e+00 2.491385547001912393e+00 -6.577001628661402144e+00 9.450118500086524875e+00 3.445865959656843724e+00 -9.904750339805501014e+00 1.239735979070741450e+04 2.550486880349975536e+02 -1.125265571257408581e+01 -1.250134974232502287e+02 4.900417667684839503e-03 8.526643689907261944e-03 7.230833481802013962e-03 -5.314691108759440896e-02 1.371283015880010552e-02 -1.320796206272123685e+00 5.332241524647214062e-04 1.552089915066423879e-03 4.527571061393282584e-05 1.291184991211169041e-03 -2.086370166620386910e-03 2.826501824482360536e+00 1.749018562016483536e+00 1.161792648136995929e-03 -5.363070631656870636e-04 1.905376766592371904e-03 -9.703001001505190664e-04 -3.621283266946457007e-03
5.571389973031760229e-02 9.878292246139659671e-02 -6.389886330981626658e-03 8.416731299724043974e-05 -9.666653097507410877e-03 3.600990111328895155e-02 4.221574435260695424e-01 3.681784009169897232e-01 9.279122023080260684e-02 -1.354523316346758176e-02 -3.917610836583832780e-03 -1.802175118278596597e-03 -4.013470856393508370e+02 1.005774048880973409e-01 -2.607046460278958366e-01 4.720532939290553176e-02 9.608076866886815282e+00 -1.101595784188505434e+01 6.327277722887547640e+01 1.231756730299141509e+02 2.550486880349974683e+02 1.240741492308001398e+04 1.142197068984138468e+03 -6.407983786040808809e+02 -8.626955444798299621e-02 3.297351351725472113e-02 1.100666072582072580e-01 -3.471701339953216919e-02 6.750086703624867679e-02 4.880100821030679548e-01 -1.149671367007840464e-03 -4.009812687682145355e-03 -2.541410184818438354e-03 2.655465924872822073e-03 2.043554268299677557e-03 -1.864615672009614922e-01 -1.046823342411079327e+00 -3.059696823395177765e-03 -8.529262630368095524e-03 -3.358211133039392380e-04 2.186528163715138751e-03 1.193141055477974465e-02
2.815006348812491010e-01 1.520870104599318651e-01 1.216924699567591139e-02 4.247008975005272732e-03 1.906567113509323105e-02 3.729033196805298794e-02 -3.214569304731570432e-01 1.657992861832446430e+00 2.121718003803654828e-01 1.915322022356249782e-03 3.412630790961102787e-05 2.208021580196128670e-03 8.566743722602010394e+02 4.432921889619134137e-01 1.920907274806880727e+00 -6.058311290733131571e-01 5.499264386207313171e-01 2.721249192525765803e+00 -6.374375826236077813e+01 -5.351257616382017801e+01 -1.125265571257412667e+01 1.142197068984138468e+03 1.225979401821053034e+04 1.422653448239061845e+03 -7.208900604524419442e-02 4.675676060820361038e-03 3.585484270876549556e-02 6.623222430746815437e-02 6.052645664026311267e-02 4.316261446600608287e-01 1.553461561873998188e-03 2.432467937706560192e-03 6.230697348127068507e-04 -3.191836540336176389e-03 1.548348052075882190e-03 -1.126983262177082334e+00 -5.049548320378038468e+00 -4.781196106855707152e-03 8.940901366262609881e-03 7.991651877814068619e-03 4.740178384158203785e-03 -1.723961954422020479e-02
1.661319129589958754e-01 1.612555404014033925e-02 9.701522230415217038e-03 3.918492930611350983e-03 -7.476155258379483561e-03 1.056583489306227169e-01 6.782955286228963265e-01 -1.377378274083296619e-02 1.193398654994948238e-01 -6.175017476457338519e-03 7.304890243186808229e-04 1.038967521951881444e-04 -4.541917046587156506e+02 -4.354484268073807729e-01 3.680420719155105491e+00 -4.922524945122448869e+00 2.535664013830335684e+00 6.760932075783678830e-01 -3.793784347255021450e-01 -4.103401157606189287e+01 -1.250134974232500866e+02 -6.407983786040808809e+02 1.422653448239061845e+03 1.295000746200469621e+04 -4.745342232168588137e-02 -4.076438147888761937e-02 -1.324802664371407812e-02 -5.024723544254598717e-02 1.359412319418320386e-02 -6.656875181467188929e-01 -3.132793777707987889e-03 -1.418618601065808416e-03 -2.279140729142792397e-03 -6.401984973136041687e-04 4.974789412525144167e-05 -3.076969507537992143e+00 -3.733476086832581142e+00 -7.719967723477758927e-03 -6.901481011359274741e-03 -9.981528704039687588e-03 6.823356408235695071e-04 1.586278828522685869e-02
-7.995255417290886234e-06 -4.889368314483412905e-06 -2.557673820412097933e-07 -1.400261951102130736e-07 1.520312376222716384e-06 -4.657481712141089884e-06 -3.114741998648842928e-05 5.914789195057086526e-05 1.163678881785303386e-05 -2.101736531552087010e-07 -2.356506493759812965e-07 2.321839480563943946e-08 -9.708476845447441828e-03 -3.565402912480691036e-05 7.714728121948686949e-04 6.661871565140538298e-04 1.103862546385975984e-04 -3.216360047803690073e-04 1.536958391035540697e-03 3.470743017027583862e-03 4.900417667684859452e-03 -8.626955444798299621e-02 -7.208900604524419442e-02 -4.745342232168588137e-02 1.503343088444513732e-03 2.663223797851297660e-04 3.822531165818165755e-05 -3.940956500924592079e-04 -2.677048784600912670e-05 2.851528112823084328e-05 -2.085251667430774169e-08 -4.820036820808307831e-07 -4.428351314286003454e-07 3.662999552422154637e-07 1.792216048855171294e-07 -2.129652900104103447e-04 -3.040130613208248331e-04 4.191518828887701671e-07 5.650577234988432766e-07 4.965223370779762342e-08 -3.471857624817739767e-07 -2.424293115030822188e-08
-6.205127210283193947e-07 1.107692387452672636e-06 4.076936273671310202e-07 -2.205739292207052929e-09 8.459278583792786599e-07 -3.204115942507443010e-06 -3.295183772298978299e-05 3.345348892990276934e-05 9.756426612723387590e-07 1.348743797112056584e-06 -4.290011220798782612e-07 -3.902865480190848675e-09 1.411405009761202822e-03 7.419382463941672073e-08 1.043773792198581917e-03 -1.723319108212601706e-04 -1.675896216910739169e-04 4.927086619955700283e-04 -4.760128311099635608e-04 1.969449451004365813e-04 8.526643689907261944e-03 3.297351351725472113e-02 4.675676060820361038e-03 -4.076438147888761937e-02 2.663223797851297660e-04 9.044064676221645832e-04 8.665989602690628198e-06 7.265447504058606884e-04 1.105044526001406114e-05 6.855366918902788657e-05 3.475933566775804083e-07 9.361109508368394760e-07 -1.831504314691571340e-08 -1.549930779877704145e-07 4.068592771369118143e-07 -1.093055457234400003e-04 1.978223260696940092e-04 -1.534768483082042368e-07 8.521077354057902587e-07 7.880049611478011200e-07 7.593932189322664310e-07 -6.559524419844647920e-07
-2.186987714288601755e-05 -2.853304433087285276e-08 -3.944828127131572145e-06 -3.842504512407530327e-07 -1.762795687054316207e-06 -1.193727392422442297e-05 -1.065546451551641652e-04 -1.822820944930915205e-04 -5.385076619335157032e-05 3.558869387041287718e-06 8.456075662107484921e-07 -4.929300617053393340e-07 2.171064442215708476e-02 -2.256359995896340103e-04 -2.221922668569215487e-03 3.578009033475377468e-03 -1.022531711245914729e-03 -3.812636007409908731e-04 2.966172787047992527e-04 -6.012996331928473475e-04 7.230833481802013962e-03 1.100666072582072580e-01 3.585484270876549556e-02 -1.324802664371407812e-02 3.822531165818165755e-05 8.665989602690628198e-06 8.172203964964784573e-03 2.461689982479206977e-05 6.238358719771646473e-05 3.313048766341821676e-04 3.311306690079796519e-07 1.387885390993647179e-06 -9.358784076155308275e-07 -1.780725638966707047e-07 -8.594149249783033991e-08 1.643519215829006492e-04 -9.928789057651627326e-04 8.275011675339442811e-07 2.046838734601988582e-06 2.667240111718959427e-06 -1.150257343282556402e-06 -2.255209907654197495e-06
9.568909006871192697e-06 -7.981974735664807913e-07 -8.249586319166885763e-08 -1.586016576133419102e-07 2.956768467779214272e-06 -1.361384685794637851e-06 -2.666673749970259580e-05 2.234222800008585483e-04 2.716298615141169535e-05 3.899553644673166503e-07 3.206407315981809896e-08 -5.388635539137990555e-08 2.953986809984517851e-03 9.544826653524984253e-05 1.347826838413508643e-03 3.666849637763906051e-04 -1.469970627323740394e-03 6.161342753094699982e-05 -2.802942537778585659e-03 -1.710067347524482943e-03 -5.314691108759440896e-02 -3.471701339953214144e-02 6.623222430746820988e-02 -5.024723544254593860e-02 -3.940956500924592079e-04 7.265447504058606884e-04 2.461689982479206977e-05 3.257553206228155050e-03 3.348659483563964511e-05 8.395677258517456726e-05 -3.238082121434213771e-07 -1.417549863475362848e-07 9.615880384333702724e-07 8.915827586511822996e-07 -4.002154557014054679e-08 -2.865555011152340760e-04 3.422427341865048119e-04 -3.318402260628549383e-07 2.488013854929401932e-07 1.125796865601973867e-06 1.361749901574909941e-06 -3.048551472272927314e-07
-4.490251152892797145e-06 4.078562783148457345e-06 1.071669134347536873e-06 1.842607469604440843e-07 1.255727839666783044e-06 -2.991536413205812830e-06 5.722345677841684603e-05 9.270216874741970495e-05 2.605751955377255086e-05 -6.644243563577082493e-07 -2.796519647590509172e-07 7.175268927751694499e-07 8.426078083071218564e-04 3.015443355484125130e-04 -9.180406979628089265e-04 -9.783274761311386118e-04 -2.556228351288024076e-03 7.174888152612997252e-04 -2.879641523259104940e-03 -5.682073084709083656e-03 1.371283015880008643e-02 6.750086703624867679e-02 6.052645664026311267e-02 1.359412319418320386e-02 -2.677048784600912670e-05 1.105044526001406114e-05 6.238358719771646473e-05 3.348659483563962478e-05 8.050030975201235423e-03 -2.417880292132855685e-04 -1.574136178638443505e-06 6.340320452192583698e-07 1.351779346583471613e-06 -1.830680752686244184e-08 -2.283865402747666161e-06 4.386737893039922322e-03 -3.701768082828247545e-03 6.393460752919307726e-07 -9.870435975215644561e-07 -1.518415442644656709e-06 -2.542889197535435705e-07 3.849461879132967703e-06
-7.455867931147779678e-05 8.870127842136327906e-05 -3.904359866019479369e-06 3.806060572680604195e-07 -6.065992069187898118e-06 -8.133264929353760961e-05 -3.449065388661803227e-04 -7.141333521084478010e-04 -2.906551253922394127e-04 5.766649089501875983e-06 1.455894611401013078e-06 -3.732805036190007831e-06 6.304996928892867003e-02 -8.566159479654651557e-04 1.997601968774066761e-02 -1.592558083594111662e-02 -1.399939233458154068e-03 1.801920228268639665e-02 2.138896728509826969e-02 4.046396941141062326e-02 -1.320796206272123685e+00 4.880100821030679548e-01 4.316261446600608287e-01 -6.656875181467188929e-01 2.851528112823084328e-05 6.855366918902788657e-05 3.313048766341821676e-04 8.395677258517416069e-05 -2.417880292132855685e-04 2.859475498560820617e-01 1.916627758032184814e-06 -9.020110051639849088e-06 2.456453292702476697e-06 3.208381357365098821e-06 -3.566582766809938549e-07 2.843780716661209462e-02 1.269691634135959764e-02 -1.897281156178889236e-05 4.093037105125957201e-05 8.142339404002116901e-06 -7.009578527262043527e-06 -3.278294786941098450e-05
-9.999512933115420888e-07 -6.335335750326005848e-07 -1.463343372783127093e-07 -3.111051959147229613e-08 6.282958865067534618e-08 -4.866976052238967795e-07 -1.832372641394204674e-05 -9.632012862302015237e-06 -1.432987207737266109e-06 4.905231294639989931e-08 -6.715904728398297215e-10 4.437531060136721215e-09 3.150569901379670864e-04 2.205293084405935656e-06 2.827534891935258788e-05 1.023373698322623653e-05 -2.001249356777056143e-05 1.947710289297888310e-05 5.204177894150894916e-05 1.156243847766196404e-04 5.332241524647217314e-04 -1.149671367007840464e-03 1.553461561873998188e-03 -3.132793777707987889e-03 -2.085251667430774169e-08 3.475933566775804083e-07 3.311306690079796519e-07 -3.238082121434221712e-07 -1.574136178638443505e-06 1.916627758032184814e-06 3.394604798583572147e-06 4.065087340293250402e-07 1.678829404958631087e-07 3.038638138105470927e-08 -5.573944959159389754e-08 -4.244836789838220354e-06 1.381751538817757683e-05 -8.236944868449869986e-07 8.241467525514403143e-07 6.333077301820040031e-07 4.383191008167008077e-09 -6.486572923029119091e-07
6.717133177335654851e-08 -1.072681302036197985e-07 -6.751329916604139683e-08 -1.207158834221173964e-08 1.074141999219602960e-07 -2.255767670226622448e-07 -1.898085520990566062e-05 -2.711354452186229874e-06 -2.491317200368324552e-06 5.565027055848384038e-08 -6.385628956643603742e-09 -7.705279854265706771e-09 5.837860170632073846e-04 6.758172788670977057e-06 1.331626370880389562e-06 -4.301883233030985890e-05 4.075074893436533125e-05 1.881991919879528303e-05 -9.325366719446636515e-05 -2.913308579987051419e-04 1.552089915066424096e-03 -4.009812687682145355e-03 2.432467937706560192e-03 -1.418618601065808416e-03 -4.820036820808307831e-07 9.361109508368394760e-07 1.387885390993647179e-06 -1.417549863475364171e-07 6.340320452192583698e-07 -9.020110051639849088e-06 4.065087340293250402e-07 3.280052420905558196e-06 2.525793861102881883e-07 8.358079164736342769e-08 -3.618151432752197487e-08 5.346992839434391799e-05 3.594262005341577988e-05 4.992150604154109173e-07 -1.467535526374308565e-06 7.750492252453721466e-07 4.403837892474314101e-07 -1.172624878535653327e-07
1.259674006137201685e-06 5.645221062467852643e-07 5.154857706369059243e-08 4.653001396974898748e-09 1.094333970142654994e-07 2.339389846154150795e-08 -8.900436298703513069e-06 7.021462524411915967e-06 -1.108986038962355908e-06 1.350799035210671221e-07 -3.143537758685236155e-09 -9.887059468307506880e-10 4.741782172177085681e-04 7.410643545090532283e-06 -3.080300404846208269e-05 -3.583261214802687403e-05 -2.070367676674608978e-05 -2.482656753505990821e-05 -7.973958605909188448e-05 -1.159759733088876421e-04 4.527571061393282584e-05 -2.541410184818438354e-03 6.230697348127068507e-04 -2.279140729142792397e-03 -4.428351314286003454e-07 -1.831504314691571340e-08 -9.358784076155308275e-07 9.615880384333702724e-07 1.351779346583471613e-06 2.456453292702476697e-06 1.678829404958631087e-07 2.525793861102881883e-07 3.435770018702999732e-06 1.673647505782729234e-07 2.346452381560770611e-08 -1.242537281135238542e-05 -2.357335507684420851e-06 2.383964044820023739e-07 5.207438332004994986e-07 -1.657036683861975196e-06 5.918679648602134597e-07 4.147778810935067748e-07
5.415639619605059895e-07 3.084630037043328153e-07 5.721284263495124985e-08 1.458980356271979090e-08 -5.427238533125153529e-08 1.950366735384568392e-07 4.280588138560678318e-06 5.165463938053114237e-06 1.530211932299275861e-06 6.118617126236954168e-08 -4.921822149692203335e-09 -1.659891923199540002e-09 -6.714996906172219279e-04 -2.586061565650835470e-06 -5.271845946786880740e-05 -4.937347967851183595e-06 -4.825502110257378789e-05 1.275483635891921393e-05 4.076635559428858871e-05 2.235686925764231300e-04 1.291184991211169041e-03 2.655465924872822073e-03 -3.191836540336176389e-03 -6.401984973136041687e-04 3.662999552422154637e-07 -1.549930779877704145e-07 -1.780725638966707047e-07 8.915827586511822996e-07 -1.830680752686244184e-08 3.208381357365098821e-06 3.038638138105470927e-08 8.358079164736342769e-08 1.673647505782729234e-07 3.659205714659153653e-06 1.241283052567055433e-07 -1.565350843455389266e-05 -2.409078052284436658e-05 -6.763734601566989433e-08 1.784214125226463200e-07 3.809285055803026298e-07 -1.375718047943568812e-06 7.853456279177044467e-07
-1.338975654474487105e-07 8.790623844292051505e-07 5.462449045334826331e-08 2.550410749429920105e-08 -1.868872248794508203e-07 1.171909918612299614e-07 1.350944657887453438e-05 5.627273779142900348e-07 2.393228486483916710e-06 -4.666935159321001725e-08 1.582013834291052843e-08 -1.156222885282320108e-08 -4.322780948817924428e-04 -7.366285066512470950e-06 8.903795845691720408e-06 -5.300774744761788061e-05 3.398239842253469092e-05 2.370935931228231286e-05 -2.003057413380780028e-05 9.685427833058305965e-05 -2.086370166620386910e-03 2.043554268299677124e-03 1.548348052075883491e-03 4.974789412525020162e-05 1.792216048855167853e-07 4.068592771369118143e-07 -8.594149249783033991e-08 -4.002154557014054679e-08 -2.283865402747666161e-06 -3.566582766809866022e-07 -5.573944959159387769e-08 -3.618151432752197487e-08 2.346452381560770611e-08 1.241283052567055433e-07 3.951980686457595205e-06 -1.133050862040489246e-05 -3.212224862923423998e-06 -9.951670315662553557e-09 -1.702484622414588766e-07 -5.092217844698538901e-08 3.868331600435269106e-07 -5.379100639502448060e-07
-1.509882678829687220e-04 -1.999841320427968099e-04 -1.627596265435235634e-05 -1.049205224659168182e-05 3.876886102599956188e-05 -1.013834174397937793e-04 -2.023061400051191436e-03 5.267025493568720448e-04 -6.076362244306442563e-04 1.577550928031599218e-05 -9.128260633283973878e-06 5.470664044704359774e-07 -6.013184496807839619e-01 1.948908825279083157e-02 3.494579052552318986e-04 -1.023371369290796418e-01 -2.167644120098254426e-02 1.536177937782710369e-02 -8.599668332044672903e-02 7.271991279700816546e-02 2.826501824482362757e+00 -1.864615672009614922e-01 -1.126983262177082334e+00 -3.076969507537992143e+00 -2.129652900104103447e-04 -1.093055457234400003e-04 1.643519215829006492e-04 -2.865555011152325581e-04 4.386737893039922322e-03 2.843780716661209462e-02 -4.244836789838220354e-06 5.346992839434391799e-05 -1.242537281135238542e-05 -1.565350843455389266e-05 -1.133050862040489754e-05 8.339949623747504148e+00 2.264037540698533857e-02 2.796246684205268729e-05 -2.162322610443721189e-05 -5.110527791174653261e-05 -6.454265232849373238e-05 -7.487306109624939710e-05
-3.055731769172797185e-04 -6.290401760928135974e-04 -3.955529410442304249e-05 -1.714096728543063546e-05 4.738344468521402277e-05 -1.168792867537180372e-04 1.132067383853879294e-03 3.815261100959678030e-03 1.287878873566088503e-03 1.046307279892769399e-04 5.920719389241372885e-06 -8.496959013738147285e-06 7.298193935016497602e-02 -1.686714659374391153e-04 9.284956207703722042e-02 -2.926567349764309239e-02 -9.445926299999014841e-02 -8.876323915206936477e-02 8.775221165922089672e-02 2.074049535018064883e-01 1.749018562016483536e+00 -1.046823342411079327e+00 -5.049548320378038468e+00 -3.733476086832581142e+00 -3.040130613208248331e-04 1.978223260696940092e-04 -9.928789057651627326e-04 3.422427341865041071e-04 -3.701768082828247545e-03 1.269691634135959764e-02 1.381751538817757683e-05 3.594262005341577988e-05 -2.357335507684420851e-06 -2.409078052284436658e-05 -3.212224862923453221e-06 2.264037540698533857e-02 8.241825950852351923e+00 -4.092135999451513792e-05 -9.651834784124595961e-05 4.567449630039345873e-05 -1.837316772236186277e-05 7.080862250522446859e-05
