# As_1e9 ns H0 omegab omegam omegam_growth LSST_DZ_S1 LSST_DZ_S2 LSST_DZ_S3 LSST_DZ_S4 LSST_DZ_S5 LSST_A1_1 LSST_A1_2 LSST_M1 LSST_M2 LSST_M3 LSST_M4 LSST_M5
1.721361105840605449e-02 9.451537085914859517e-04 -9.095452306589703328e-02 9.854743189165215186e-06 -7.044342468784379249e-04 -8.489126062892402274e-04 2.594968348812509761e-05 9.705892586538306064e-06 1.469491487277273065e-05 -3.959981041690666786e-06 -1.941763750115794263e-05 -1.151340108352155375e-02 4.480325538284683599e-03 4.840656441242812949e-06 3.758554251217902000e-05 1.051072713156460280e-05 -2.022046888321716451e-05 -1.496609967727825319e-04
9.451537085914859517e-04 2.194156984020338632e-04 -3.585165823950316796e-03 1.188820011147745303e-05 -4.855007975202655089e-05 -4.259449811394910764e-05 -7.819255870625199723e-08 -1.494510262743943060e-07 6.824424187195022356e-07 7.678653049096929688e-07 8.516260210452243352e-07 -3.823296338999516725e-04 5.615980561716575614e-04 -1.035835006319346277e-06 2.162540147287103185e-06 2.638213266921565123e-06 2.074060399740271429e-06 1.097979719640814652e-06
-9.095452306589703328e-02 -3.585165823950316796e-03 7.857230489438676635e+00 1.114240950787019103e-02 -9.867804386910141931e-03 -1.357131192539615290e-02 1.080073913787920844e-04 3.025467887307555664e-04 1.470444697923697030e-04 -1.735342425246856511e-06 -1.869008149633783465e-04 -5.681167962767814938e-02 -3.570962831711689545e-02 1.422353478551352530e-05 3.216291918198428668e-04 5.478497514036758179e-04 4.120364362240608850e-05 -1.071564448574761647e-03
9.854743189165215186e-06 1.188820011147745303e-05 1.114240950787019103e-02 2.142293411740295845e-05 -1.529169511944140775e-05 -1.760581420632487454e-05 4.133109768974808332e-07 3.652125579810689070e-07 2.184871057089284339e-07 2.861890617600506828e-09 -3.376179914036594205e-07 3.536413917123657614e-05 1.057888492056261180e-04 2.586015415092352064e-08 4.687536191398436151e-07 6.753147640842066157e-07 -1.270841898922450239e-07 -2.205707666864674499e-06
-7.044342468784379249e-04 -4.855007975202655089e-05 -9.867804386910141931e-03 -1.529169511944140775e-05 6.680895607091923941e-05 6.753338055989938115e-05 -1.257736326562889920e-06 -1.298292732585727754e-06 -1.356054361329654596e-06 -1.646540515655802700e-07 1.023505139320194687e-06 9.558514622517484552e-04 7.403523547715675402e-05 -3.638537422698070068e-08 -3.347586544138301671e-06 -3.011057166995147359e-06 -9.633987293319233131e-07 6.662729787064530696e-06
-8.489126062892402274e-04 -4.259449811394910764e-05 -1.357131192539615290e-02 -1.760581420632487454e-05 6.753338055989938115e-05 2.870082514797660483e-04 -2.945105041021880499e-07 -1.935371220878518357e-06 -2.188265157210752810e-06 3.454836354739374313e-07 2.381669696505534012e-06 3.651270056440265952e-03 -7.795427565212295976e-05 1.158342285761514130e-06 -3.692246376989183367e-06 -4.845935447384098944e-06 -3.307270601813908616e-07 1.508650350792265648e-05
2.594968348812509761e-05 -7.819255870625199723e-08 1.080073913787920844e-04 4.133109768974808332e-07 -1.257736326562889920e-06 -2.945105041021880499e-07 3.190103988215597227e-06 8.450410171860228729e-08 1.204429619204803713e-07 -5.727451372648295544e-08 -2.278206389774245931e-08 1.823135642988388383e-05 1.380805200541437166e-04 -7.440798181319788021e-07 6.477841090278772545e-07 3.454675328259551444e-07 1.427876862872130107e-07 -5.265701655838322283e-07
9.705892586538306064e-06 -1.494510262743943060e-07 3.025467887307555664e-04 3.652125579810689070e-07 -1.298292732585727754e-06 -1.935371220878518357e-06 8.450410171860228729e-08 3.115957778542874689e-06 1.622809956201806933e-07 1.397870263027109618e-07 2.541365019349291369e-08 -1.126301706000073307e-04 -6.590096960012508602e-05 3.864575937859358632e-07 -1.570387587770766104e-06 5.344469058161694166e-07 5.374393879134030345e-07 3.088020345401877238e-07
1.469491487277273065e-05 6.824424187195021297e-07 1.470444697923697030e-04 2.184871057089284339e-07 -1.356054361329654596e-06 -2.188265157210752810e-06 1.204429619204803713e-07 1.622809956201806933e-07 3.468675847776987642e-06 2.103838342732771212e-07 5.045395994392108209e-08 -2.851755401042192762e-05 -1.012467158510491728e-05 1.344810705013610125e-07 5.254773601432495998e-07 -1.606650158451119419e-06 6.172782084765677787e-07 4.511162765449265463e-07
-3.959981041690666786e-06 7.678653049096929688e-07 -1.735342425246856511e-06 2.861890617600506828e-09 -1.646540515655802700e-07 3.454836354739374313e-07 -5.727451372648295544e-08 1.397870263027109618e-07 2.103838342732771212e-07 3.724985269787282128e-06 2.439741021549578328e-07 -7.027832451736472905e-05 9.070336938805227971e-05 -1.180971897970777657e-08 2.843528276892527450e-07 5.337285623557193481e-07 -1.405428363823651447e-06 8.343453800097695454e-07
-1.941763750115794263e-05 8.516260210452243352e-07 -1.869008149633783465e-04 -3.376179914036594205e-07 1.023505139320194687e-06 2.381669696505534012e-06 -2.278206389774245931e-08 2.541365019349291369e-08 5.045395994392108209e-08 2.439741021549578328e-07 4.114847500931475264e-06 -2.423114303468160353e-04 -1.320745875482545251e-04 -1.303507239644235955e-08 4.215378458263353723e-08 2.278769691941127039e-07 3.606752548838188605e-07 -5.541088539686117667e-07
-1.151340108352155375e-02 -3.823296338999516725e-04 -5.681167962767814938e-02 3.536413917123657614e-05 9.558514622517484552e-04 3.651270056440265952e-03 1.823135642988388383e-05 -1.126301706000073307e-04 -2.851755401042191067e-05 -7.027832451736472905e-05 -2.423114303468160353e-04 8.382022028314127127e+00 3.789046958885376043e-02 -1.986537996084988463e-06 -1.182857853494789405e-04 -2.066042454664404301e-04 -1.919983696766208042e-04 8.817405173381957990e-05
4.480325538284683599e-03 5.615980561716575614e-04 -3.570962831711689545e-02 1.057888492056260503e-04 7.403523547715675402e-05 -7.795427565212304107e-05 1.380805200541437166e-04 -6.590096960012505891e-05 -1.012467158510491728e-05 9.070336938805225260e-05 -1.320745875482545251e-04 3.789046958885376043e-02 8.211648732311472187e+00 -4.860404540581219138e-05 3.423957958024826450e-05 -7.231963351652569367e-05 -3.930185907668241966e-05 3.666937527930370341e-05
4.840656441242812949e-06 -1.035835006319346277e-06 1.422353478551352530e-05 2.586015415092352064e-08 -3.638537422698070068e-08 1.158342285761514130e-06 -7.440798181319788021e-07 3.864575937859358632e-07 1.344810705013610125e-07 -1.180971897970777657e-08 -1.303507239644235955e-08 -1.986537996084988463e-06 -4.860404540581217782e-05 2.365657828224705791e-05 7.497206314231814508e-07 5.746127199674926243e-07 3.034712310445354263e-07 -3.107545893945220300e-07
3.758554251217902000e-05 2.162540147287103185e-06 3.216291918198428668e-04 4.687536191398436151e-07 -3.347586544138301671e-06 -3.692246376989183367e-06 6.477841090278772545e-07 -1.570387587770766104e-06 5.254773601432495998e-07 2.843528276892527450e-07 4.215378458263353061e-08 -1.182857853494789541e-04 3.423957958024826450e-05 7.497206314231814508e-07 2.030918787514995495e-05 1.608953576690881702e-06 1.564480971287832932e-06 6.406497274552889161e-07
1.051072713156460280e-05 2.638213266921565123e-06 5.478497514036758179e-04 6.753147640842066157e-07 -3.011057166995147359e-06 -4.845935447384098944e-06 3.454675328259551444e-07 5.344469058161694166e-07 -1.606650158451119419e-06 5.337285623557193481e-07 2.278769691941127039e-07 -2.066042454664404301e-04 -7.231963351652569367e-05 5.746127199674926243e-07 1.608953576690881702e-06 1.690596593934749845e-05 3.219319784085141226e-06 3.261108964057922559e-06
-2.022046888321716451e-05 2.074060399740271429e-06 4.120364362240608850e-05 -1.270841898922450239e-07 -9.633987293319233131e-07 -3.307270601813908616e-07 1.427876862872130107e-07 5.374393879134030345e-07 6.172782084765677787e-07 -1.405428363823651447e-06 3.606752548838188605e-07 -1.919983696766208042e-04 -3.930185907668242644e-05 3.034712310445354263e-07 1.564480971287832932e-06 3.219319784085141226e-06 1.480668989730653120e-05 5.482259989834013657e-06
-1.496609967727825319e-04 1.097979719640814652e-06 -1.071564448574761647e-03 -2.205707666864674499e-06 6.662729787064530696e-06 1.508650350792265648e-05 -5.265701655838322283e-07 3.088020345401877238e-07 4.511162765449265463e-07 8.343453800097695454e-07 -5.541088539686117667e-07 8.817405173381957990e-05 3.666937527930370341e-05 -3.107545893945220300e-07 6.406497274552889161e-07 3.261108964057922559e-06 5.482259989834013657e-06 1.638131504568364412e-05
