# logA ns H0 omegab omegam LSST_DZ_S1 LSST_DZ_S2 LSST_DZ_S3 LSST_DZ_S4 LSST_DZ_S5 LSST_A1_1 LSST_A1_2 LSST_M1 LSST_M2 LSST_M3 LSST_M4 LSST_M5
1.932890196355255956e-06 6.056199967927613648e-10 -1.160777060892495252e-05 5.666259447609817350e-08 -1.274604622443641741e-07 2.963640657588964595e-08 2.461546613512279728e-08 1.452795398242376163e-08 3.266535300542389445e-08 9.605083171161392540e-08 6.469717121529271068e-05 5.199704824463851255e-05 -4.358504211859080291e-08 2.925625173554212026e-09 5.396295690547540563e-08 5.841423386086797411e-08 -1.583318304987527425e-08
6.056199967927613648e-10 3.506189529071323129e-08 -1.378242000718779547e-06 3.579277514144794368e-09 1.136734695174100581e-08 -1.100725424594764355e-08 1.365722791003255203e-08 -5.413852900529924955e-09 5.313181707214308831e-09 -2.851490092315000014e-09 -5.980138381446200786e-06 -9.569270636907654045e-06 -5.402350544459678500e-09 -1.359664705695568409e-08 -1.470528663142927657e-09 -4.582377078647436314e-09 -3.686740763147049693e-09
-1.160777060892495252e-05 -1.378242000718779547e-06 9.684836434384121173e-02 6.773240176302231365e-05 -2.736819705207680373e-04 3.745514517639537834e-06 1.058500659006812417e-05 2.111303685882167172e-05 4.466430138165847334e-06 -1.288727462166323992e-05 -1.999142840971760218e-02 1.218963136672751910e-04 -4.750714648025299055e-06 7.727057778688152477e-06 3.946746448679693734e-06 -2.040646246732812585e-05 -6.849958735217963834e-05
5.666259447609817350e-08 3.579277514144794368e-09 6.773240176302231365e-05 3.399965984853557127e-06 4.675257821566085818e-06 -1.328272689355245918e-07 3.148652845197003523e-08 -1.394436114134418699e-07 -2.642621445331953624e-08 2.534652045522561964e-08 7.486453804728655467e-05 -1.775904270513756317e-05 -1.328209101258808880e-07 -2.519013629274918027e-07 -1.864601005153340069e-07 4.878175699664349791e-08 7.897504356280043396e-07
-1.274604622443641741e-07 1.136734695174100581e-08 -2.736819705207680373e-04 4.675257821566085818e-06 9.656641490711108250e-06 -7.356809242521332243e-08 -1.185155031936667225e-07 -4.038615959225082218e-07 -4.641486247392290741e-07 -2.032438163161379060e-07 1.766225326980560531e-04 -1.490025977336508556e-05 -8.670329852530051985e-09 -7.310068700895880351e-07 -1.337527691991954648e-06 -1.507157342084676822e-06 -1.734014182065275777e-06
2.963640657588963602e-08 -1.100725424594764355e-08 3.745514517639537834e-06 -1.328272689355245918e-07 -7.356809242521332243e-08 3.578076224184919822e-06 1.121831979413715257e-07 1.680597406524361610e-08 -5.475032594752333960e-08 6.218074630041817911e-08 3.450449941452083329e-05 1.903266356918429086e-05 -6.850235207170680096e-07 4.361796811866602135e-07 2.823248478870466871e-07 1.803359342114606170e-07 -1.846044287398832470e-07
2.461546613512279728e-08 1.365722791003255203e-08 1.058500659006812417e-05 3.148652845197003523e-08 -1.185155031936667225e-07 1.121831979413715257e-07 3.374874737504355414e-06 2.209099770572728012e-07 1.043081909851557887e-07 -2.578841723762357862e-08 -1.896783773858323237e-05 1.006480133899235991e-04 2.526510139469564160e-07 -1.475027378059234349e-06 5.027319926228375955e-07 6.335998052232310762e-07 4.965066059308464968e-07
1.452795398242376163e-08 -5.413852900529924955e-09 2.111303685882167172e-05 -1.394436114134418699e-07 -4.038615959225082218e-07 1.680597406524361610e-08 2.209099770572728012e-07 3.424899862997450486e-06 3.416056418920803992e-07 1.178354668595666185e-07 -5.999310240795357010e-05 -1.800186110764841898e-05 1.910326913006330677e-07 2.826229838327084490e-07 -1.653061284287559062e-06 5.039668901472054591e-07 5.062218269573089036e-07
3.266535300542389445e-08 5.313181707214308831e-09 4.466430138165847334e-06 -2.642621445331953624e-08 -4.641486247392290741e-07 -5.475032594752333960e-08 1.043081909851557887e-07 3.416056418920803992e-07 3.705148588000039355e-06 5.673843174981113752e-08 1.338283892126757675e-04 -2.140531302885321046e-05 1.964844298716581691e-08 2.347887403829417248e-07 3.675389346218300926e-07 -1.462481854028958792e-06 9.196152060818623982e-07
9.605083171161388569e-08 -2.851490092315000014e-09 -1.288727462166323992e-05 2.534652045522561964e-08 -2.032438163161379060e-07 6.218074630041817911e-08 -2.578841723762357862e-08 1.178354668595666185e-07 5.673843174981113752e-08 3.764233332245909859e-06 1.492911801570046041e-05 -6.856694780658256121e-05 3.398202934735318888e-08 9.736335416585120512e-08 2.089547576735610754e-07 4.653069983980974829e-07 -8.906557448743259131e-07
6.469717121529271068e-05 -5.980138381446200786e-06 -1.999142840971760218e-02 7.486453804728655467e-05 1.766225326980560531e-04 3.450449941452084685e-05 -1.896783773858323237e-05 -5.999310240795357010e-05 1.338283892126757675e-04 1.492911801570046041e-05 8.475230692182098124e+00 2.468834282748221254e-01 -4.667468299203381338e-05 -1.040094516688329905e-05 -8.633328735418652539e-06 -1.033194799232867850e-04 2.869461626989003017e-06
5.199704824463851255e-05 -9.569270636907654045e-06 1.218963136672751910e-04 -1.775904270513756317e-05 -1.490025977336508895e-05 1.903266356918428408e-05 1.006480133899235991e-04 -1.800186110764841898e-05 -2.140531302885320707e-05 -6.856694780658256121e-05 2.468834282748221254e-01 8.343645519689415480e+00 7.269847851926850859e-05 -6.218716027380902830e-05 -3.424227787159617718e-05 -9.107350516199543239e-05 1.425701813334823945e-05
-4.358504211859080291e-08 -5.402350544459678500e-09 -4.750714648025299055e-06 -1.328209101258808880e-07 -8.670329852530060257e-09 -6.850235207170680096e-07 2.526510139469564160e-07 1.910326913006330677e-07 1.964844298716581691e-08 3.398202934735318888e-08 -4.667468299203380661e-05 7.269847851926850859e-05 2.422072015072335139e-05 5.592064676220735280e-07 2.419312713596942364e-07 2.793895930360559906e-07 -2.716956789092279525e-07
2.925625173554222779e-09 -1.359664705695568409e-08 7.727057778688152477e-06 -2.519013629274918027e-07 -7.310068700895880351e-07 4.361796811866602135e-07 -1.475027378059234349e-06 2.826229838327084490e-07 2.347887403829417248e-07 9.736335416585120512e-08 -1.040094516688329905e-05 -6.218716027380904185e-05 5.592064676220735280e-07 2.170390831896188357e-05 1.306272109980213457e-06 1.189695181033733942e-06 9.835643677630939011e-07
5.396295690547540563e-08 -1.470528663142927450e-09 3.946746448679694581e-06 -1.864601005153340069e-07 -1.337527691991954648e-06 2.823248478870466871e-07 5.027319926228375955e-07 -1.653061284287559062e-06 3.675389346218300926e-07 2.089547576735610754e-07 -8.633328735418644069e-06 -3.424227787159619073e-05 2.419312713596941835e-07 1.306272109980213457e-06 1.828344280391483676e-05 2.697413212000999356e-06 2.901185509755812278e-06
5.841423386086797411e-08 -4.582377078647436314e-09 -2.040646246732812585e-05 4.878175699664349791e-08 -1.507157342084676822e-06 1.803359342114606170e-07 6.335998052232310762e-07 5.039668901472054591e-07 -1.462481854028958792e-06 4.653069983980974829e-07 -1.033194799232867850e-04 -9.107350516199543239e-05 2.793895930360559906e-07 1.189695181033733942e-06 2.697413212000999356e-06 1.569981140099639013e-05 4.822351465077149667e-06
-1.583318304987527425e-08 -3.686740763147049693e-09 -6.849958735217963834e-05 7.897504356280043396e-07 -1.734014182065275777e-06 -1.846044287398832734e-07 4.965066059308464968e-07 5.062218269573089036e-07 9.196152060818623982e-07 -8.906557448743259131e-07 2.869461626989011064e-06 1.425701813334823945e-05 -2.716956789092279525e-07 9.835643677630939011e-07 2.901185509755812278e-06 4.822351465077149667e-06 1.535240164625923528e-05
