# logA ns H0 omegabh2 omegach2 omegam_growth LSST_DZ_S1 LSST_DZ_S2 LSST_DZ_S3 LSST_DZ_S4 LSST_DZ_S5 LSST_A1_1 LSST_A1_2 LSST_M1 LSST_M2 LSST_M3 LSST_M4 LSST_M5
1.417239095974851372e-03 7.837538552143023048e-05 -7.375390927992261925e-03 -1.130445079007257753e-06 -8.077236224595494445e-05 -1.539833720099312753e-04 2.428940353760358819e-07 2.736105075477992798e-06 -2.545206938965937495e-06 7.181266615386654114e-07 3.660382046433065945e-06 -4.711973941285311032e-04 -9.212730524872122032e-03 -1.530815871242550951e-06 -1.363278224488978705e-06 -7.599433573835178463e-07 -3.059300279356239119e-06 -4.921274477210981781e-06
7.837538552143023048e-05 2.075305221398782228e-04 -7.876688127067977413e-04 -6.597947176376775499e-08 -5.992495635955953927e-06 5.671898389215968841e-05 -5.217362182596214258e-07 -3.754431420068197216e-07 -4.403094680209390044e-07 3.045259266936564360e-07 6.911304599283868515e-09 -9.451599728100580893e-04 1.523988870186629343e-04 -8.453387506621769167e-08 -4.213450225936663269e-07 1.193208430717314031e-06 -8.965130014934527871e-08 1.073688218956056274e-06
-7.375390927992261925e-03 -7.876688127067977413e-04 1.109784466418672011e+00 2.001540238637080965e-04 4.804216776624494790e-03 -4.294508911351936457e-03 -7.273144144244700110e-05 -4.315540612550272366e-06 -1.098431452166633726e-04 -4.046503077900399253e-05 -6.818036579665291111e-05 -2.318781831544532851e-02 4.835440282382781618e-02 -1.156582362612008528e-04 -8.891639953214975549e-05 -8.808125015391944212e-05 -1.078994868165576514e-04 6.242075064735594847e-05
-1.130445079007257753e-06 -6.597947176376775499e-08 2.001540238637080965e-04 2.836070687938237022e-07 5.210774204621052990e-07 -1.048697604126001237e-06 -1.599030278554892986e-08 -4.347265361974902679e-08 -3.017833557969736314e-08 -2.934411527373857721e-08 -2.088203943294450339e-08 -6.565249455354905730e-07 9.067191012012506643e-07 -6.622203001730094437e-09 -1.733031453877451109e-09 -1.551151643046612230e-08 -2.230991684266437544e-09 2.600164509964598194e-09
-8.077236224595494445e-05 -5.992495635955953927e-06 4.804216776624494790e-03 5.210774204621052990e-07 3.856923325452083092e-05 -4.558390566852907767e-05 -8.401045615937552068e-07 5.951433644582210756e-08 -7.969058236754333851e-07 -1.378608448352455799e-08 -4.924259535641628997e-08 6.050508772809071959e-04 8.915208089983360160e-04 -1.099361434737538142e-06 -9.729348210224680079e-07 -8.261287987863600638e-07 -6.116804525663966717e-07 5.096150792792884907e-07
-1.539833720099312753e-04 5.671898389215968841e-05 -4.294508911351936457e-03 -1.048697604126001237e-06 -4.558390566852907767e-05 1.100578017365816961e-03 -2.907430932037615226e-08 -2.282295550919061558e-06 1.131136028419730760e-06 1.123591756906091984e-06 -5.515013258149735681e-07 -3.732516350014924121e-03 2.888435230131228271e-03 1.803098493890415518e-06 5.811570974272131918e-07 -2.563013722824395860e-06 -1.017774889855841548e-06 -1.968869375009050425e-06
2.428940353760358819e-07 -5.217362182596214258e-07 -7.273144144244700110e-05 -1.599030278554892986e-08 -8.401045615937552068e-07 -2.907430932037615226e-08 3.809564903783624245e-06 1.442952078674551953e-07 -1.499734726806567180e-08 5.791553604464386899e-08 -8.618323596765244436e-09 4.051056348056876759e-05 -8.587648466322352788e-06 -1.250668795384648287e-07 9.560741698248302215e-08 1.397713405665456933e-07 -1.413523404798089664e-08 -2.098036371906992480e-07
2.736105075477992798e-06 -3.754431420068197216e-07 -4.315540612550272366e-06 -4.347265361974902679e-08 5.951433644582210756e-08 -2.282295550919061135e-06 1.442952078674551953e-07 3.886139999105960313e-06 8.356011852913867936e-09 2.619280412926199437e-08 9.487195959780245025e-08 -8.400120875228125992e-05 2.094778276840530637e-04 2.351434602526470560e-08 -2.449366711463252750e-07 -2.992465021348497888e-08 6.934074057331781897e-08 3.562959426769433889e-08
-2.545206938965937495e-06 -4.403094680209390044e-07 -1.098431452166633726e-04 -3.017833557969736314e-08 -7.969058236754333851e-07 1.131136028419730760e-06 -1.499734726806567180e-08 8.356011852913867936e-09 3.910818729944813125e-06 7.114102178504031147e-08 -3.705669054481289466e-08 1.088188961850502427e-04 3.554551902798611671e-05 1.743896140692035095e-08 7.497916115678323192e-08 -1.751274023817517733e-07 -4.091594468734589801e-08 1.425424369045901729e-08
7.181266615386654114e-07 3.045259266936564360e-07 -4.046503077900399253e-05 -2.934411527373857721e-08 -1.378608448352455799e-08 1.123591756906091984e-06 5.791553604464385575e-08 2.619280412926199437e-08 7.114102178504029824e-08 3.953434970782070319e-06 -2.622755992041968333e-08 -6.440411519058690233e-05 3.122489840699768556e-05 4.305563324879672180e-08 9.694513472763134017e-08 4.071106879436895324e-08 -1.215538911635565889e-07 5.290021839506118979e-08
3.660382046433065945e-06 6.911304599283868515e-09 -6.818036579665291111e-05 -2.088203943294450339e-08 -4.924259535641628997e-08 -5.515013258149735681e-07 -8.618323596765244436e-09 9.487195959780245025e-08 -3.705669054481289466e-08 -2.622755992041968333e-08 3.937259473742760896e-06 4.446708094616202468e-05 1.694148335822207745e-04 9.843411864265671945e-08 7.732582777837509837e-08 -1.091297517434350294e-07 2.758610584036599729e-08 -6.246668105188515572e-08
-4.711973941285311032e-04 -9.451599728100580893e-04 -2.318781831544532851e-02 -6.565249455354905730e-07 6.050508772809071959e-04 -3.732516350014924121e-03 4.051056348056876759e-05 -8.400120875228120571e-05 1.088188961850502427e-04 -6.440411519058690233e-05 4.446708094616202468e-05 8.216641961430870111e+00 4.228295985533337201e-03 -1.625258949443741485e-04 -6.526031954993765337e-05 -1.289967551158601226e-04 4.529776113908971346e-05 2.570454205292203834e-05
-9.212730524872122032e-03 1.523988870186629343e-04 4.835440282382782312e-02 9.067191012012506643e-07 8.915208089983360160e-04 2.888435230131228271e-03 -8.587648466322352788e-06 2.094778276840530637e-04 3.554551902798611671e-05 3.122489840699768556e-05 1.694148335822207745e-04 4.228295985533337201e-03 8.245670898665254711e+00 -6.849168271547450475e-05 -8.518196870995855857e-05 -9.155786816169690453e-06 -7.124049378411773624e-05 -1.564709796491850946e-04
-1.530815871242550951e-06 -8.453387506621769167e-08 -1.156582362612008528e-04 -6.622203001730094437e-09 -1.099361434737538142e-06 1.803098493890415518e-06 -1.250668795384648287e-07 2.351434602526470560e-08 1.743896140692035095e-08 4.305563324879671519e-08 9.843411864265671945e-08 -1.625258949443741485e-04 -6.849168271547450475e-05 2.494553209159602989e-05 3.770915803348406584e-07 3.326213137066118334e-08 -5.266164741289357069e-08 -1.836671471189561987e-08
-1.363278224488978705e-06 -4.213450225936663799e-07 -8.891639953214975549e-05 -1.733031453877451109e-09 -9.729348210224680079e-07 5.811570974272131918e-07 9.560741698248302215e-08 -2.449366711463252750e-07 7.497916115678323192e-08 9.694513472763134017e-08 7.732582777837509837e-08 -6.526031954993765337e-05 -8.518196870995855857e-05 3.770915803348406584e-07 2.423947736948412097e-05 4.834305602047901218e-07 1.134379888254200240e-07 7.687848781839363998e-08
-7.599433573835178463e-07 1.193208430717314031e-06 -8.808125015391944212e-05 -1.551151643046612230e-08 -8.261287987863600638e-07 -2.563013722824395437e-06 1.397713405665456933e-07 -2.992465021348497888e-08 -1.751274023817517733e-07 4.071106879436895324e-08 -1.091297517434350426e-07 -1.289967551158601226e-04 -9.155786816169690453e-06 3.326213137066118334e-08 4.834305602047901218e-07 2.432314911474945239e-05 2.098736313908287860e-07 2.908144713904150222e-07
-3.059300279356239119e-06 -8.965130014934525224e-08 -1.078994868165576379e-04 -2.230991684266437544e-09 -6.116804525663966717e-07 -1.017774889855841548e-06 -1.413523404798089002e-08 6.934074057331783221e-08 -4.091594468734589801e-08 -1.215538911635565889e-07 2.758610584036599729e-08 4.529776113908971346e-05 -7.124049378411772269e-05 -5.266164741289356408e-08 1.134379888254200240e-07 2.098736313908287860e-07 2.363731198636243174e-05 7.843752856920254770e-07
-4.921274477210981781e-06 1.073688218956056274e-06 6.242075064735596202e-05 2.600164509964598194e-09 5.096150792792884907e-07 -1.968869375009050425e-06 -2.098036371906992480e-07 3.562959426769433889e-08 1.425424369045901729e-08 5.290021839506119641e-08 -6.246668105188515572e-08 2.570454205292203834e-05 -1.564709796491850946e-04 -1.836671471189561987e-08 7.687848781839365322e-08 2.908144713904150222e-07 7.843752856920254770e-07 2.417404188622467530e-05
