# logA ns theta_MC_100 omegabh2 omegach2 tau omegam_growth A_planck calib_100T calib_217T A_cib_217 xi_sz_cib A_sz ksz_norm gal545_A_100 gal545_A_143 gal545_A_143_217 gal545_A_217 ps_A_100_100 ps_A_143_143 ps_A_143_217 ps_A_217_217 galf_TE_A_100 galf_TE_A_100_143 galf_TE_A_100_217 galf_TE_A_143 galf_TE_A_143_217 galf_TE_A_217 LSST_DZ_S1 LSST_DZ_S2 LSST_DZ_S3 LSST_DZ_S4 LSST_DZ_S5 LSST_A1_1 LSST_A1_2 LSST_M1 LSST_M2 LSST_M3 LSST_M4 LSST_M5
2.299439288319981894e-04 4.991353978914611503e-05 6.694824878219926682e-06 1.758594679692811176e-06 -6.019058380451745441e-06 9.803197810833194192e-05 -1.061274117744533433e-04 8.270271075757454595e-06 3.018099973809287321e-07 7.216256531775729577e-08 2.848607629969466745e-03 2.039140249178069666e-05 1.210339179873134888e-04 -4.114815213185325587e-04 -5.819762309259118556e-04 -1.984676522178669225e-04 -1.759205289189207154e-04 1.277807285279345013e-03 -6.798827750790738082e-03 -2.882144911854457245e-02 2.300887249308887841e-02 -1.197640736129035668e-02 3.042065775305094599e-06 -4.191084216415462791e-06 2.440760041243938660e-05 -1.140952310025140883e-05 -3.698215790328358581e-06 -1.073969428967037554e-05 3.231780459277918361e-07 7.917538130629917693e-07 1.024567532780694243e-06 1.715394381550053210e-08 -8.620882970591087934e-07 -1.476071056041333056e-04 -4.821305654029474906e-04 2.985747666508139898e-07 2.779112732470943773e-06 2.446258516051314585e-06 8.684246532876516818e-08 -6.886717623771523919e-06
4.991353978914611503e-05 8.544717373428804765e-05 7.107143370255974721e-06 1.729388541406002748e-06 -1.625617653874701626e-06 -4.865720606055987427e-08 -2.129450473385637076e-05 -9.690960576689556581e-07 9.641457254554229257e-08 -1.045541247590311450e-08 4.552668869398551798e-05 8.565366736803247075e-06 -1.442698162352842341e-04 -1.802463308595673183e-04 3.583178907188095601e-04 -7.841760685318104321e-07 -2.260800754533237957e-04 -8.441134611684437787e-04 -1.988449686388743531e-02 -6.717752823737602012e-03 -1.090521371340546879e-02 -5.056002087355115741e-03 3.352851989686398150e-06 3.049496592395437446e-07 5.527317811846300183e-06 -2.420664954532397579e-06 -1.476657095187452930e-06 -4.415991548527119773e-05 -2.146671309691380613e-07 2.270979223174198742e-07 4.342909843349571962e-07 1.867030331896191397e-07 4.091152167074010585e-07 -2.248900399330354177e-04 4.930209705726836710e-05 -7.990743394290495158e-08 1.446252721253925596e-06 2.059373533259459058e-06 1.980936674327893873e-06 9.797493567104190414e-07
6.694824878219926682e-06 7.107143370255974721e-06 3.439765048007931120e-06 4.617139014701679109e-07 9.507870426789472751e-07 -9.436455510725112255e-07 -7.802080232481466751e-06 -1.806693936114820687e-07 9.672807191449848999e-09 -1.213170517998135339e-08 -5.784401522797326042e-04 -6.479512352743432651e-06 2.417723582607427091e-05 -4.120121989046496377e-07 4.555951013478857359e-05 3.954537569190578405e-06 4.534870235904841704e-05 1.798443230529503587e-05 7.661173437640682662e-03 1.656891278187678368e-03 4.378103382101658443e-05 -5.606389796897313390e-05 2.876231800759853920e-07 -6.575334028979796412e-07 1.526661310272485709e-07 -9.116666088190814830e-07 -9.419952394490297733e-07 -8.300784705018354463e-06 4.625347178087381622e-09 1.121532048217485744e-07 1.140573881744724733e-07 5.156699620270898663e-08 5.162499527921491249e-09 -1.099285532984102439e-05 2.424886276743878951e-05 -1.520714600661245403e-08 3.255383363416737028e-07 3.640053404201629364e-07 2.869843750198776741e-07 -1.854324258294804349e-07
1.758594679692811176e-06 1.729388541406002748e-06 4.617139014701679109e-07 1.046890682261661089e-07 9.942382734605554739e-08 1.067439879146220061e-07 -9.668416906301277511e-07 -1.210094140455729846e-08 7.401795600739038793e-09 -1.692215750173467285e-09 -9.431465159441630025e-05 -3.471040034572050850e-07 -2.159616868369708526e-06 -3.368488366174433053e-07 2.264976404161320682e-06 5.020063184930400554e-07 6.760394076473514079e-06 1.615322404470334499e-05 9.159399479812453150e-04 4.623060726834566536e-05 3.915068856343821980e-04 -2.513052674904535681e-04 1.028581138861067557e-07 -1.668683134836860211e-07 1.452466601076814335e-07 -2.151699648268133862e-07 -2.511884908162429189e-07 -1.523401601033662446e-06 6.844058044917599077e-10 2.129569439364652111e-08 2.145330167027537601e-08 8.029219342418135204e-09 2.426661278231456302e-09 -3.077703635557264605e-06 -5.805808787551352559e-07 -3.193226236954283291e-09 5.963609673949157593e-08 8.290183923546100637e-08 7.626216865949144744e-08 8.086352364002163742e-09
-6.019058380451745441e-06 -1.625617653874701626e-06 9.507870426789472751e-07 9.942382734605554739e-08 8.302360578791192356e-07 -3.749392870685138078e-06 -3.611167087213647098e-06 -3.207603615404806668e-07 -4.160038348690787671e-09 -8.835323755252319789e-09 -4.319771052758070076e-04 -3.787198738767332870e-06 1.277257549217580417e-05 2.006920529442775587e-05 2.293164270711164993e-05 1.608255860257455764e-06 4.450982509880007819e-05 1.615359673204597803e-05 4.212664726376742254e-03 2.122342752634554224e-03 -2.938607265980569040e-04 2.428836520293235172e-04 -8.662484814506169884e-08 -1.996785993098816556e-07 -6.426873483577553318e-07 -2.922623097739080860e-08 -2.152795336567066882e-08 1.521458938781881958e-07 -2.598165407807174097e-08 -2.230617616717004979e-08 -5.168480886333581778e-08 -4.299948333611795832e-08 -2.459561160552345813e-08 1.861789054616001330e-05 1.957027250855754278e-05 -3.852716954900356676e-08 -1.226273958840362767e-07 -2.150766757524659272e-07 -3.084124247435684537e-07 -4.328063325720159650e-07
9.803197810833194192e-05 -4.865720606055987427e-08 -9.436455510725112255e-07 1.067439879146220061e-07 -3.749392870685138078e-06 5.957239496045313491e-05 -3.274703912294724909e-05 -9.578457632878307424e-07 -2.336315615843802126e-08 5.994864699562809864e-08 1.913379212505095760e-03 2.218173090197726503e-06 2.171442363219676711e-04 -2.933643018392935822e-04 -1.632493220755557007e-04 6.780683176182783717e-05 8.614546644505026440e-05 1.994755271172535022e-04 9.337800981013739260e-03 -5.538949244845430865e-03 1.210253279022334080e-02 8.767870090254245791e-04 -4.548482726903345039e-07 -1.085150870010648559e-06 4.305182418878083744e-06 -4.392778685344308066e-06 -2.661487095146470144e-07 4.800307712246660693e-06 2.227016803018570869e-07 3.385360280816726675e-07 4.303191292424513970e-07 6.846241341553658665e-08 -4.536106409078410610e-07 -6.690890120222177926e-05 -2.718603203196496188e-04 2.598518801724983436e-07 9.978755088428576010e-07 9.167722853500757525e-07 7.961491900193764001e-08 -2.398799161570237020e-06
-1.061274117744533433e-04 -2.129450473385637076e-05 -7.802080232481466751e-06 -9.668416906301277511e-07 -3.611167087213647098e-06 -3.274703912294724909e-05 3.574571289169523524e-04 -3.015936758863238737e-06 -1.306602519594325689e-07 2.826230597882699220e-08 1.578085315910427713e-03 3.097573915369014274e-06 -2.778568807980675561e-04 4.962314795860349199e-04 2.976469372912122981e-04 3.988929904783003184e-04 -1.279290770977518357e-04 -6.108893230805220644e-04 5.504831029433671904e-05 2.498523964691825010e-03 4.842480650840850533e-03 2.048702343496711445e-03 -8.199106366350978580e-08 3.561433229006905068e-06 -1.519593091727190762e-05 6.863708666678339475e-06 -2.891532198323764670e-06 -2.033766014674567377e-05 3.482705468611453239e-06 4.524919251481508722e-07 -1.266098947443838627e-06 -9.263875846486254285e-07 4.063038606135491143e-07 5.138024376081886703e-04 1.939665397065809462e-04 3.894529061921643006e-06 2.615528569730794900e-07 -4.799513956629813649e-06 -7.663530264561546493e-06 -4.300775884090531464e-06
8.270271075757454595e-06 -9.690960576689556581e-07 -1.806693936114820687e-07 -1.210094140455729846e-08 -3.207603615404806668e-07 -9.578457632878307424e-07 -3.015936758863238737e-06 6.166628064795456809e-06 5.400325643909614901e-10 -2.642781265925315664e-09 1.540082080849754752e-03 9.223126495739204721e-06 3.290547573504354686e-05 2.841336212651831362e-05 -1.221866574116343049e-05 4.208280902626128002e-06 -6.299624530230112725e-05 5.058012435727285601e-04 -2.201012384442249323e-03 -2.103532851632970279e-03 4.923573172486436040e-04 -3.513612938449602908e-03 2.680765765884406932e-07 -8.206678916630256559e-07 4.572504195575807835e-06 -3.377992175024282195e-07 -1.175679515110510633e-06 2.391060294338415529e-06 7.250429894224015955e-08 1.747165722890792999e-08 2.798907494708272912e-08 -1.514751700901487167e-08 -4.711038723100994303e-08 1.527710128902793572e-05 3.258153192401000501e-05 -1.125695341164479176e-08 1.512828003316562083e-07 7.265381998854397747e-08 1.192392035148751395e-08 -2.390885001328746048e-07
3.018099973809287321e-07 9.641457254554229257e-08 9.672807191449848999e-09 7.401795600739038793e-09 -4.160038348690787671e-09 -2.336315615843802126e-08 -1.306602519594325689e-07 5.400325643909614901e-10 4.403738789495994826e-07 -1.607533627323420109e-09 -1.329445444621747468e-04 2.630660670223920169e-07 3.340034084057002026e-05 -1.924593526994435255e-05 1.010350326781984693e-04 -9.847825229275447903e-05 -3.561582225402015858e-05 8.141283993023958987e-05 4.544438556047566101e-03 -4.488507452232476380e-03 -2.067276882435155382e-04 3.509840700024276141e-04 -9.795609883472151389e-08 -9.925257204421274219e-08 -1.083327987146753041e-07 -2.688074043324848263e-07 -1.217975198152499073e-07 1.491995574682052851e-06 -2.058260530877800310e-09 -2.554374458518629698e-09 1.931988012014874341e-09 1.135318582622115937e-08 2.089707776618766638e-10 -8.822064644629370742e-06 1.575531133969776870e-06 5.144041606767904551e-09 9.746927982770040995e-09 1.151386280542947028e-08 -7.829350836216691437e-09 -2.667294813450476725e-09
7.216256531775729577e-08 -1.045541247590311450e-08 -1.213170517998135339e-08 -1.692215750173467285e-09 -8.835323755252319789e-09 5.994864699562809864e-08 2.826230597882699220e-08 -2.642781265925315664e-09 -1.607533627323420109e-09 4.123580401273358445e-07 5.247683637290182597e-04 -8.801658937879309095e-07 -1.307131186275647808e-06 -7.511108991031688425e-06 -5.762675601962236006e-06 -1.398851562366995183e-05 2.830556869460436613e-04 5.784242268771393799e-04 4.461670906530390297e-04 -1.034889705453435459e-03 1.395996750320174958e-03 -1.600807541390025736e-04 -1.768779630290996073e-07 -1.600084280148367912e-07 3.291791761575027215e-07 1.404635641259264159e-07 1.094149143648599017e-07 -1.102856156778923712e-06 -7.135678820851521259e-09 5.551582838618539110e-09 -1.009981357336576159e-09 7.540993615142984483e-09 2.009463220680117081e-09 3.363472291842617398e-06 4.678176533905216014e-07 9.822010915183974193e-09 1.718215108152881352e-08 1.288513366218012995e-08 -2.770863789555154894e-09 1.828351087660161951e-09
2.848607629969466745e-03 4.552668869398551798e-05 -5.784401522797326042e-04 -9.431465159441630025e-05 -4.319771052758070076e-04 1.913379212505095760e-03 1.578085315910427713e-03 1.540082080849754752e-03 -1.329445444621747468e-04 5.247683637290182597e-04 4.601893350929235567e+02 -1.322022498324007533e-01 -1.338799269996831409e+00 8.639724781342399407e-01 5.927222010592163581e-01 -2.678187584773431690e-02 -2.022291219670265150e+01 -6.368464733374510445e+01 5.553387017525549396e+01 -1.820363304234810755e+02 8.097631646834922776e+02 -5.962533125100389952e+02 6.155540041879041177e-03 6.368799108934141730e-03 -9.222782545750214667e-03 7.412604931064578455e-03 1.275690609047125737e-02 -8.754166770855331681e-03 1.017703261085788714e-04 -1.372209430408128023e-04 1.575678654060735755e-04 -4.538592577590550053e-05 -1.339588175553673387e-04 4.520197355805715134e-01 -8.516018820843000714e-02 1.136488919400412958e-03 8.700684481802838923e-04 1.628629828340605020e-04 3.383724842962565049e-04 2.263154069601294857e-04
2.039140249178069666e-05 8.565366736803247075e-06 -6.479512352743432651e-06 -3.471040034572050850e-07 -3.787198738767332870e-06 2.218173090197726503e-06 3.097573915369014274e-06 9.223126495739204721e-06 2.630660670223920169e-07 -8.801658937879309095e-07 -1.322022498324007533e-01 8.336749596727104084e-02 6.353269666415491080e-04 -7.466810566666914721e-03 2.865327402497934699e-03 6.753121672860165972e-03 1.800611371398478169e-02 5.921476332844914994e-03 -9.735296723508857220e-02 -2.698391142115768027e-01 5.471531434392195026e-01 8.820436289917600592e-02 1.871991939721358197e-05 -4.976399844400413838e-06 -4.153455322334385707e-05 -9.992447874983396668e-05 4.147286338521062094e-05 -7.645453928284799694e-04 9.342839172455805735e-07 -8.159807149533931549e-08 -1.841796973142476679e-06 -1.619673524564255467e-06 1.980924099557082372e-06 3.477352872805759484e-03 -6.065813275766401662e-03 8.842160275606710025e-06 -1.384903869025439813e-06 1.304384688705128138e-06 2.492573773011166554e-06 3.035242530623849168e-06
1.210339179873134888e-04 -1.442698162352842341e-04 2.417723582607427091e-05 -2.159616868369708526e-06 1.277257549217580417e-05 2.171442363219676711e-04 -2.778568807980675561e-04 3.290547573504354686e-05 3.340034084057002026e-05 -1.307131186275647808e-06 -1.338799269996831409e+00 6.353269666415491080e-04 4.628024233459995251e+00 -3.635228817145022440e+00 -1.082394402527524918e-01 2.466347609017239748e-02 4.261021788157710599e-01 5.285220739953686575e-01 -4.776460498249476494e+00 -9.186227788626338819e-01 1.020746447295532100e+01 -1.364804334393709961e+00 1.746194348132358348e-04 -1.900536608495782440e-04 -1.876075041513961374e-03 -4.542380297840250018e-04 2.328046340003107222e-04 7.913562658310908243e-03 1.865574109410699778e-06 -2.337276798996290271e-06 -2.564246311698124040e-06 -4.431984813683378506e-06 3.659817177472134089e-06 -3.906308122685903106e-02 2.732907507238089423e-02 5.323910771471731465e-06 2.921763898505697976e-05 -2.623965230294100583e-05 -2.422387680828194000e-05 -5.267227984594872108e-05
-4.114815213185325587e-04 -1.802463308595673183e-04 -4.120121989046496377e-07 -3.368488366174433053e-07 2.006920529442775587e-05 -2.933643018392935822e-04 4.962314795860349199e-04 2.841336212651831362e-05 -1.924593526994435255e-05 -7.511108991031688425e-06 8.639724781342399407e-01 -7.466810566666914721e-03 -3.635228817145022440e+00 7.344431258542059027e+00 1.329926271428231166e-01 -4.208167479379789494e-02 -2.860453729298281234e-01 -1.723497002988641780e-01 3.796066689338313260e+00 -1.449935283511438300e+00 -9.537028154358477394e+00 1.671530230261377259e+00 -2.420211551956343444e-04 5.552450419433528715e-04 8.342513100045952828e-04 1.642074567850756095e-03 1.329400528318475886e-03 1.774260573574787002e-03 3.714875280652106850e-06 7.077611484627883238e-07 2.225403391889969583e-05 1.874486680912314511e-05 3.193728782577949580e-05 1.120439767124939423e-02 1.233822621880267117e-02 -1.150069973121550534e-05 -1.166384213154012377e-05 -2.696394753509391101e-05 -5.684616323809817313e-05 -3.365612641822541352e-05
-5.819762309259118556e-04 3.583178907188095601e-04 4.555951013478857359e-05 2.264976404161320682e-06 2.293164270711164993e-05 -1.632493220755557007e-04 2.976469372912122981e-04 -1.221866574116343049e-05 1.010350326781984693e-04 -5.762675601962236006e-06 5.927222010592163581e-01 2.865327402497934699e-03 -1.082394402527524918e-01 1.329926271428231166e-01 3.487760414223967764e+00 4.005847781524940476e-01 1.772888195128707487e-03 -2.626765547398239309e-01 -8.966233564386138610e+00 7.651669198162064589e+00 1.410493399511142165e+00 -1.346782483958704590e+00 3.233525161994036464e-04 -1.582573248552520729e-04 -3.870952491262746290e-04 -1.394834791442731191e-03 -1.140045871944258562e-04 -4.095889174939867407e-03 -1.594313975630208465e-05 1.553797439092866468e-05 2.072829238982237460e-05 2.845488854995937149e-05 1.978334736746596421e-06 3.195192191292133693e-02 -1.076931982470704860e-02 5.630586363286227034e-05 -1.512082651708282170e-05 -1.936070994832159476e-05 -3.888950176755922412e-05 -2.291211701250066833e-05
-1.984676522178669225e-04 -7.841760685318104321e-07 3.954537569190578405e-06 5.020063184930400554e-07 1.608255860257455764e-06 6.780683176182783717e-05 3.988929904783003184e-04 4.208280902626128002e-06 -9.847825229275447903e-05 -1.398851562366995183e-05 -2.678187584773431690e-02 6.753121672860165972e-03 2.466347609017239748e-02 -4.208167479379789494e-02 4.005847781524940476e-01 3.375227260126954842e+00 2.437114447549017182e+00 2.155152542598494758e+00 7.794332603713999497e+00 -1.414894380596217438e+01 2.455827712498454662e+00 -2.108024773372432659e+00 -3.974058268048213114e-04 -4.002723399946017191e-04 -8.963106924870366688e-04 3.920019444585071729e-04 6.243748452097299187e-04 2.980947725724125176e-03 7.245828220883118696e-06 1.408424725300081989e-05 -9.935738310102102053e-06 1.741646602623786065e-05 -5.876184231908993231e-06 2.956211633648273863e-03 3.215106217460582394e-02 -7.812412836619152628e-06 -3.442624216356221869e-06 -3.532422156635026061e-07 2.351274702744203326e-06 2.122046200268636558e-05
-1.759205289189207154e-04 -2.260800754533237957e-04 4.534870235904841704e-05 6.760394076473514079e-06 4.450982509880007819e-05 8.614546644505026440e-05 -1.279290770977518357e-04 -6.299624530230112725e-05 -3.561582225402015858e-05 2.830556869460436613e-04 -2.022291219670265150e+01 1.800611371398478169e-02 4.261021788157710599e-01 -2.860453729298281234e-01 1.772888195128707487e-03 2.437114447549017182e+00 1.870815490641377821e+01 3.229577737158433592e+01 3.997802516498454750e+00 4.025216285517701209e+01 -5.745907308281281445e+01 3.014587183260047709e+00 6.033415439919146339e-04 -1.412195495018073827e-04 -1.583252968829736542e-03 -2.487056558421061204e-03 -7.009592600949998134e-04 -4.964145822508310262e-03 -3.521741300337540075e-05 2.837453775096408179e-05 3.275152367650636188e-06 3.106377111345961568e-05 -4.607944643229732926e-06 -4.098091927810453700e-02 4.420097045976761896e-03 -3.249020593372722653e-05 2.865386971658157711e-06 1.683488196604373101e-05 -1.361235661369995960e-04 -3.693967948279239895e-05
1.277807285279345013e-03 -8.441134611684437787e-04 1.798443230529503587e-05 1.615322404470334499e-05 1.615359673204597803e-05 1.994755271172535022e-04 -6.108893230805220644e-04 5.058012435727285601e-04 8.141283993023958987e-05 5.784242268771393799e-04 -6.368464733374510445e+01 5.921476332844914994e-03 5.285220739953686575e-01 -1.723497002988641780e-01 -2.626765547398239309e-01 2.155152542598494758e+00 3.229577737158433592e+01 8.577736209295170511e+01 -9.582347747240785196e+00 6.400438081699513759e+01 -4.863655297534229760e+01 -2.076290293567058498e+01 1.251701394947494226e-03 -3.314544223642001074e-04 1.613161344068962883e-03 -3.975776983205643079e-03 -1.510472671966125655e-03 -2.181085963346939688e-02 6.958824423088277300e-06 8.596364510720893421e-05 -1.772018930751678882e-05 1.199889887138421118e-04 6.047741936390634362e-05 -7.349999640464460748e-02 1.049853326593490621e-01 -5.161556025181270865e-05 3.539251913033348375e-05 1.926238960185855289e-04 -2.193742681424680453e-04 5.565832474856226635e-06
-6.798827750790738082e-03 -1.988449686388743531e-02 7.661173437640682662e-03 9.159399479812453150e-04 4.212664726376742254e-03 9.337800981013739260e-03 5.504831029433671904e-05 -2.201012384442249323e-03 4.544438556047566101e-03 4.461670906530390297e-04 5.553387017525549396e+01 -9.735296723508857220e-02 -4.776460498249476494e+00 3.796066689338313260e+00 -8.966233564386138610e+00 7.794332603713999497e+00 3.997802516498454750e+00 -9.582347747240785196e+00 1.261701279919016997e+04 5.768293969719856022e+02 5.358211374760803380e+01 3.580814021460685836e+01 3.100297289443674012e-02 -1.309912050992023333e-02 -6.514162030196565811e-02 -5.276001322248331099e-04 -4.381508296994120893e-02 -5.126801950560943011e-01 4.908329455437672722e-04 -1.877588931507793556e-03 5.007846559656229605e-04 1.410949486053316565e-04 -1.348179969484582426e-04 -1.849939706889545121e+00 1.145235699664377771e+00 3.464139211463707849e-03 8.481596946426405229e-04 8.062903971562789470e-06 9.829888248903287471e-04 -1.224905198961085328e-03
-2.882144911854457245e-02 -6.717752823737602012e-03 1.656891278187678368e-03 4.623060726834566536e-05 2.122342752634554224e-03 -5.538949244845430865e-03 2.498523964691825010e-03 -2.103532851632970279e-03 -4.488507452232476380e-03 -1.034889705453435459e-03 -1.820363304234810755e+02 -2.698391142115768027e-01 -9.186227788626338819e-01 -1.449935283511438300e+00 7.651669198162064589e+00 -1.414894380596217438e+01 4.025216285517701209e+01 6.400438081699513759e+01 5.768293969719856022e+02 1.269580785494618067e+04 1.462193249319957886e+03 -2.292389120150773465e+02 1.810192024664070837e-02 5.117280111244865842e-03 -8.727306816235588793e-02 -4.574618886313574356e-02 6.566372181285094756e-02 -2.831071746188086324e-01 1.853700274465909482e-04 -5.373780325638903088e-04 1.634793110202976355e-03 1.069113681432697386e-03 -4.532761832713825824e-05 -5.176634500480916529e-02 -1.026890546030540197e+00 4.190139392973959206e-04 -2.853865849093729923e-03 -5.494271704948372470e-03 -8.267051092598342059e-04 3.357112868229173981e-04
2.300887249308887841e-02 -1.090521371340546879e-02 4.378103382101658443e-05 3.915068856343821980e-04 -2.938607265980569040e-04 1.210253279022334080e-02 4.842480650840850533e-03 4.923573172486436040e-04 -2.067276882435155382e-04 1.395996750320174958e-03 8.097631646834922776e+02 5.471531434392195026e-01 1.020746447295532100e+01 -9.537028154358477394e+00 1.410493399511142165e+00 2.455827712498454662e+00 -5.745907308281281445e+01 -4.863655297534229760e+01 5.358211374760803380e+01 1.462193249319957886e+03 1.202315040573542319e+04 1.094234026277764997e+03 3.546800899246180250e-02 1.322572901314021492e-02 6.757450802797633840e-03 1.713425587688557905e-02 1.319346608183472325e-01 4.616014931879682259e-01 8.206750491812270015e-04 2.243812892657428475e-04 9.462945183876510322e-04 7.740644542199948217e-04 1.339917967766688549e-03 2.059649517093199655e+00 -3.543893319752334237e-01 1.255993072245131272e-03 1.774408903266308426e-03 -9.185224784824730024e-04 -1.913027130402145928e-04 1.085034353851255283e-03
-1.197640736129035668e-02 -5.056002087355115741e-03 -5.606389796897313390e-05 -2.513052674904535681e-04 2.428836520293235172e-04 8.767870090254245791e-04 2.048702343496711445e-03 -3.513612938449602908e-03 3.509840700024276141e-04 -1.600807541390025736e-04 -5.962533125100389952e+02 8.820436289917600592e-02 -1.364804334393709961e+00 1.671530230261377259e+00 -1.346782483958704590e+00 -2.108024773372432659e+00 3.014587183260047709e+00 -2.076290293567058498e+01 3.580814021460685836e+01 -2.292389120150773465e+02 1.094234026277764997e+03 1.304241524806465895e+04 9.819048174798351500e-03 7.646705724359165700e-03 -3.210084348995510123e-02 -1.252299961299833259e-03 -2.647870132229939583e-02 5.668284382649385611e-01 -1.227687385140618708e-03 -2.491776355754406419e-04 -1.704153735214312200e-04 1.965123776683216916e-03 1.335096711562754491e-03 2.751026806380011958e-01 -8.743992663807101939e-01 1.589034858227411249e-03 -1.210260927553023867e-03 6.304629833287439880e-04 -1.060233158126610599e-03 8.531558195581229447e-04
3.042065775305094599e-06 3.352851989686398150e-06 2.876231800759853920e-07 1.028581138861067557e-07 -8.662484814506169884e-08 -4.548482726903345039e-07 -8.199106366350978580e-08 2.680765765884406932e-07 -9.795609883472151389e-08 -1.768779630290996073e-07 6.155540041879041177e-03 1.871991939721358197e-05 1.746194348132358348e-04 -2.420211551956343444e-04 3.233525161994036464e-04 -3.974058268048213114e-04 6.033415439919146339e-04 1.251701394947494226e-03 3.100297289443674012e-02 1.810192024664070837e-02 3.546800899246180250e-02 9.819048174798351500e-03 1.505861819997955002e-03 2.585075897117687259e-04 -2.315595675943094267e-05 -4.190862735872879076e-04 -1.049753574896687408e-05 -6.250090718512507713e-05 -3.673763253513081933e-07 1.544777868624357450e-07 8.207404865212680383e-07 -4.218544912059352768e-07 3.346105209766531652e-07 1.333169104952841165e-04 4.895003189054585990e-04 -5.225380651010225370e-07 -2.954589153253860738e-07 -1.124604799518603482e-06 2.837453397045745683e-07 6.452688387550134589e-08
-4.191084216415462791e-06 3.049496592395437446e-07 -6.575334028979796412e-07 -1.668683134836860211e-07 -1.996785993098816556e-07 -1.085150870010648559e-06 3.561433229006905068e-06 -8.206678916630256559e-07 -9.925257204421274219e-08 -1.600084280148367912e-07 6.368799108934141730e-03 -4.976399844400413838e-06 -1.900536608495782440e-04 5.552450419433528715e-04 -1.582573248552520729e-04 -4.002723399946017191e-04 -1.412195495018073827e-04 -3.314544223642001074e-04 -1.309912050992023333e-02 5.117280111244865842e-03 1.322572901314021492e-02 7.646705724359165700e-03 2.585075897117687259e-04 8.962815810499899895e-04 -2.132930684112594851e-05 7.180170317620447563e-04 9.532057819124281075e-06 -1.804357103918157693e-04 -6.168521394979312280e-08 -1.145525360701477262e-07 3.348281973332901259e-08 -2.906062377198950897e-07 -6.242506012593833833e-08 2.562835506954258102e-05 2.192253563318651672e-04 -3.385955092645505601e-07 2.137958312657436467e-09 -1.012687323947659748e-06 -6.908048386787815970e-07 -1.299134808831341276e-07
2.440760041243938660e-05 5.527317811846300183e-06 1.526661310272485709e-07 1.452466601076814335e-07 -6.426873483577553318e-07 4.305182418878083744e-06 -1.519593091727190762e-05 4.572504195575807835e-06 -1.083327987146753041e-07 3.291791761575027215e-07 -9.222782545750214667e-03 -4.153455322334385707e-05 -1.876075041513961374e-03 8.342513100045952828e-04 -3.870952491262746290e-04 -8.963106924870366688e-04 -1.583252968829736542e-03 1.613161344068962883e-03 -6.514162030196565811e-02 -8.727306816235588793e-02 6.757450802797633840e-03 -3.210084348995510123e-02 -2.315595675943094267e-05 -2.132930684112594851e-05 8.163223658685552983e-03 -3.172913345290081850e-06 3.761950076262564012e-06 3.131858856851268058e-04 1.120551138246266026e-07 6.009022996057885563e-07 -1.158522483300070906e-07 -1.661448326736982040e-06 3.999926542719801776e-07 -8.865822007948915813e-04 -6.940476188705252923e-04 -2.486650204437952080e-06 -1.926596352187808177e-06 -7.131947845574998661e-07 1.234338870457222830e-06 -3.301714100875174862e-07
-1.140952310025140883e-05 -2.420664954532397579e-06 -9.116666088190814830e-07 -2.151699648268133862e-07 -2.922623097739080860e-08 -4.392778685344308066e-06 6.863708666678339475e-06 -3.377992175024282195e-07 -2.688074043324848263e-07 1.404635641259264159e-07 7.412604931064578455e-03 -9.992447874983396668e-05 -4.542380297840250018e-04 1.642074567850756095e-03 -1.394834791442731191e-03 3.920019444585071729e-04 -2.487056558421061204e-03 -3.975776983205643079e-03 -5.276001322248331099e-04 -4.574618886313574356e-02 1.713425587688557905e-02 -1.252299961299833259e-03 -4.190862735872879076e-04 7.180170317620447563e-04 -3.172913345290081850e-06 3.299374561622160119e-03 9.431216705243576547e-06 -7.888301079944657951e-05 -2.008535743907528915e-07 1.279133029919962791e-08 -6.518201141908559645e-07 -3.588400117018351312e-07 -8.021363687092437834e-07 4.821142262259966614e-04 -3.160682375015599465e-04 -4.881563268628487582e-07 1.792795830361925936e-09 1.397005051019919179e-07 -3.100684980610423037e-07 5.607094467749250837e-07
-3.698215790328358581e-06 -1.476657095187452930e-06 -9.419952394490297733e-07 -2.511884908162429189e-07 -2.152795336567066882e-08 -2.661487095146470144e-07 -2.891532198323764670e-06 -1.175679515110510633e-06 -1.217975198152499073e-07 1.094149143648599017e-07 1.275690609047125737e-02 4.147286338521062094e-05 2.328046340003107222e-04 1.329400528318475886e-03 -1.140045871944258562e-04 6.243748452097299187e-04 -7.009592600949998134e-04 -1.510472671966125655e-03 -4.381508296994120893e-02 6.566372181285094756e-02 1.319346608183472325e-01 -2.647870132229939583e-02 -1.049753574896687408e-05 9.532057819124281075e-06 3.761950076262564012e-06 9.431216705243576547e-06 8.023384728143050787e-03 2.343828283902431135e-04 9.736998011812041007e-08 1.075603928979704225e-07 -1.372739809603250821e-06 -2.816236143712517189e-07 1.553307755907858475e-07 -9.564123094454167907e-04 -6.020681814034915488e-05 2.075798049216667808e-07 -1.649710883506836187e-06 5.071058701031969817e-07 -1.468931667668490073e-06 -1.924759559533698228e-06
-1.073969428967037554e-05 -4.415991548527119773e-05 -8.300784705018354463e-06 -1.523401601033662446e-06 1.521458938781881958e-07 4.800307712246660693e-06 -2.033766014674567377e-05 2.391060294338415529e-06 1.491995574682052851e-06 -1.102856156778923712e-06 -8.754166770855331681e-03 -7.645453928284799694e-04 7.913562658310908243e-03 1.774260573574787002e-03 -4.095889174939867407e-03 2.980947725724125176e-03 -4.964145822508310262e-03 -2.181085963346939688e-02 -5.126801950560943011e-01 -2.831071746188086324e-01 4.616014931879682259e-01 5.668284382649385611e-01 -6.250090718512507713e-05 -1.804357103918157693e-04 3.131858856851268058e-04 -7.888301079944657951e-05 2.343828283902431135e-04 2.902461646706482878e-01 1.038932913729763861e-07 -7.288673030182018894e-06 -6.298878805945745359e-06 8.102714420455213028e-07 -7.295281393630300092e-06 -3.568495145656893318e-03 5.808119549493792957e-03 -6.827757907442058838e-06 -5.021350101897978641e-06 -6.491636729597361899e-07 -9.154217503557910134e-06 1.758058837905367071e-06
3.231780459277918361e-07 -2.146671309691380613e-07 4.625347178087381622e-09 6.844058044917599077e-10 -2.598165407807174097e-08 2.227016803018570869e-07 3.482705468611453239e-06 7.250429894224015955e-08 -2.058260530877800310e-09 -7.135678820851521259e-09 1.017703261085788714e-04 9.342839172455805735e-07 1.865574109410699778e-06 3.714875280652106850e-06 -1.594313975630208465e-05 7.245828220883118696e-06 -3.521741300337540075e-05 6.958824423088277300e-06 4.908329455437672722e-04 1.853700274465909482e-04 8.206750491812270015e-04 -1.227687385140618708e-03 -3.673763253513081933e-07 -6.168521394979312280e-08 1.120551138246266026e-07 -2.008535743907528915e-07 9.736998011812041007e-08 1.038932913729763861e-07 3.363965873052977335e-06 2.566162520869068913e-07 1.002976691186465184e-07 1.265593761058299600e-08 3.813799686156186434e-08 4.383916750156336507e-05 -2.083053542864696806e-05 -9.618583402046365147e-07 6.082643006246584787e-07 3.865707365983358911e-07 1.296020875936633924e-07 -1.059084231472810800e-07
7.917538130629917693e-07 2.270979223174198742e-07 1.121532048217485744e-07 2.129569439364652111e-08 -2.230617616717004979e-08 3.385360280816726675e-07 4.524919251481508722e-07 1.747165722890792999e-08 -2.554374458518629698e-09 5.551582838618539110e-09 -1.372209430408128023e-04 -8.159807149533931549e-08 -2.337276798996290271e-06 7.077611484627883238e-07 1.553797439092866468e-05 1.408424725300081989e-05 2.837453775096408179e-05 8.596364510720893421e-05 -1.877588931507793556e-03 -5.373780325638903088e-04 2.243812892657428475e-04 -2.491776355754406419e-04 1.544777868624357450e-07 -1.145525360701477262e-07 6.009022996057885563e-07 1.279133029919962791e-08 1.075603928979704225e-07 -7.288673030182018894e-06 2.566162520869068913e-07 3.259116397033125271e-06 1.820173052070943171e-07 1.119484052037678485e-07 2.978870907764288416e-08 2.556692163065518069e-06 4.172099296087619024e-06 3.095386112675743149e-07 -1.670027575951157514e-06 5.966004703471516289e-07 5.306972598234385969e-07 4.080031788171467541e-07
1.024567532780694243e-06 4.342909843349571962e-07 1.140573881744724733e-07 2.145330167027537601e-08 -5.168480886333581778e-08 4.303191292424513970e-07 -1.266098947443838627e-06 2.798907494708272912e-08 1.931988012014874341e-09 -1.009981357336576159e-09 1.575678654060735755e-04 -1.841796973142476679e-06 -2.564246311698124040e-06 2.225403391889969583e-05 2.072829238982237460e-05 -9.935738310102102053e-06 3.275152367650636188e-06 -1.772018930751678882e-05 5.007846559656229605e-04 1.634793110202976355e-03 9.462945183876510322e-04 -1.704153735214312200e-04 8.207404865212680383e-07 3.348281973332901259e-08 -1.158522483300070906e-07 -6.518201141908559645e-07 -1.372739809603250821e-06 -6.298878805945745359e-06 1.002976691186465184e-07 1.820173052070943171e-07 3.429378670485135646e-06 1.504377847557934673e-07 1.007051303386576913e-07 -1.689519485091583848e-05 8.205182063023902915e-06 1.182489630596959973e-07 4.100872361194042432e-07 -1.660423655738482669e-06 6.325992292530166252e-07 5.969046908136756491e-07
1.715394381550053210e-08 1.867030331896191397e-07 5.156699620270898663e-08 8.029219342418135204e-09 -4.299948333611795832e-08 6.846241341553658665e-08 -9.263875846486254285e-07 -1.514751700901487167e-08 1.135318582622115937e-08 7.540993615142984483e-09 -4.538592577590550053e-05 -1.619673524564255467e-06 -4.431984813683378506e-06 1.874486680912314511e-05 2.845488854995937149e-05 1.741646602623786065e-05 3.106377111345961568e-05 1.199889887138421118e-04 1.410949486053316565e-04 1.069113681432697386e-03 7.740644542199948217e-04 1.965123776683216916e-03 -4.218544912059352768e-07 -2.906062377198950897e-07 -1.661448326736982040e-06 -3.588400117018351312e-07 -2.816236143712517189e-07 8.102714420455213028e-07 1.265593761058299600e-08 1.119484052037678485e-07 1.504377847557934673e-07 3.641178766324757324e-06 1.187848766562278717e-07 -1.542767457961821876e-05 2.445455301167521352e-05 8.252869247855416499e-08 2.032223754320981105e-07 4.464954483881361054e-07 -1.333547226277729420e-06 5.491174354904096260e-07
-8.620882970591087934e-07 4.091152167074010585e-07 5.162499527921491249e-09 2.426661278231456302e-09 -2.459561160552345813e-08 -4.536106409078410610e-07 4.063038606135491143e-07 -4.711038723100994303e-08 2.089707776618766638e-10 2.009463220680117081e-09 -1.339588175553673387e-04 1.980924099557082372e-06 3.659817177472134089e-06 3.193728782577949580e-05 1.978334736746596421e-06 -5.876184231908993231e-06 -4.607944643229732926e-06 6.047741936390634362e-05 -1.348179969484582426e-04 -4.532761832713825824e-05 1.339917967766688549e-03 1.335096711562754491e-03 3.346105209766531652e-07 -6.242506012593833833e-08 3.999926542719801776e-07 -8.021363687092437834e-07 1.553307755907858475e-07 -7.295281393630300092e-06 3.813799686156186434e-08 2.978870907764288416e-08 1.007051303386576913e-07 1.187848766562278717e-07 3.897634681174793383e-06 9.403727314049930094e-06 -8.569967293091059374e-06 -1.070777059689708207e-08 1.185579800227427177e-07 1.915476967599570849e-07 2.572554326389658303e-07 -8.783007430888744739e-07
-1.476071056041333056e-04 -2.248900399330354177e-04 -1.099285532984102439e-05 -3.077703635557264605e-06 1.861789054616001330e-05 -6.690890120222177926e-05 5.138024376081886703e-04 1.527710128902793572e-05 -8.822064644629370742e-06 3.363472291842617398e-06 4.520197355805715134e-01 3.477352872805759484e-03 -3.906308122685903106e-02 1.120439767124939423e-02 3.195192191292133693e-02 2.956211633648273863e-03 -4.098091927810453700e-02 -7.349999640464460748e-02 -1.849939706889545121e+00 -5.176634500480916529e-02 2.059649517093199655e+00 2.751026806380011958e-01 1.333169104952841165e-04 2.562835506954258102e-05 -8.865822007948915813e-04 4.821142262259966614e-04 -9.564123094454167907e-04 -3.568495145656893318e-03 4.383916750156336507e-05 2.556692163065518069e-06 -1.689519485091583848e-05 -1.542767457961821876e-05 9.403727314049930094e-06 8.403137649810444643e+00 -2.182768309935603085e-02 -5.462590362807803708e-05 -6.716059700194917406e-06 -2.405469325288927073e-08 -3.852327117249178663e-05 -5.234539917576010149e-05
-4.821305654029474906e-04 4.930209705726836710e-05 2.424886276743878951e-05 -5.805808787551352559e-07 1.957027250855754278e-05 -2.718603203196496188e-04 1.939665397065809462e-04 3.258153192401000501e-05 1.575531133969776870e-06 4.678176533905216014e-07 -8.516018820843000714e-02 -6.065813275766401662e-03 2.732907507238089423e-02 1.233822621880267117e-02 -1.076931982470704860e-02 3.215106217460582394e-02 4.420097045976761896e-03 1.049853326593490621e-01 1.145235699664377771e+00 -1.026890546030540197e+00 -3.543893319752334237e-01 -8.743992663807101939e-01 4.895003189054585990e-04 2.192253563318651672e-04 -6.940476188705252923e-04 -3.160682375015599465e-04 -6.020681814034915488e-05 5.808119549493792957e-03 -2.083053542864696806e-05 4.172099296087619024e-06 8.205182063023902915e-06 2.445455301167521352e-05 -8.569967293091059374e-06 -2.182768309935603085e-02 8.366256485155240341e+00 -4.675247741879842772e-06 2.089750238957082854e-06 4.378371961457080361e-05 -8.741905332952009519e-06 3.380182864444703585e-05
2.985747666508139898e-07 -7.990743394290495158e-08 -1.520714600661245403e-08 -3.193226236954283291e-09 -3.852716954900356676e-08 2.598518801724983436e-07 3.894529061921643006e-06 -1.125695341164479176e-08 5.144041606767904551e-09 9.822010915183974193e-09 1.136488919400412958e-03 8.842160275606710025e-06 5.323910771471731465e-06 -1.150069973121550534e-05 5.630586363286227034e-05 -7.812412836619152628e-06 -3.249020593372722653e-05 -5.161556025181270865e-05 3.464139211463707849e-03 4.190139392973959206e-04 1.255993072245131272e-03 1.589034858227411249e-03 -5.225380651010225370e-07 -3.385955092645505601e-07 -2.486650204437952080e-06 -4.881563268628487582e-07 2.075798049216667808e-07 -6.827757907442058838e-06 -9.618583402046365147e-07 3.095386112675743149e-07 1.182489630596959973e-07 8.252869247855416499e-08 -1.070777059689708207e-08 -5.462590362807803708e-05 -4.675247741879842772e-06 2.348534212529587335e-05 8.763369181489617166e-07 6.361611192394867433e-07 3.047210192422535228e-07 -1.325613325576483544e-07
2.779112732470943773e-06 1.446252721253925596e-06 3.255383363416737028e-07 5.963609673949157593e-08 -1.226273958840362767e-07 9.978755088428576010e-07 2.615528569730794900e-07 1.512828003316562083e-07 9.746927982770040995e-09 1.718215108152881352e-08 8.700684481802838923e-04 -1.384903869025439813e-06 2.921763898505697976e-05 -1.166384213154012377e-05 -1.512082651708282170e-05 -3.442624216356221869e-06 2.865386971658157711e-06 3.539251913033348375e-05 8.481596946426405229e-04 -2.853865849093729923e-03 1.774408903266308426e-03 -1.210260927553023867e-03 -2.954589153253860738e-07 2.137958312657436467e-09 -1.926596352187808177e-06 1.792795830361925936e-09 -1.649710883506836187e-06 -5.021350101897978641e-06 6.082643006246584787e-07 -1.670027575951157514e-06 4.100872361194042432e-07 2.032223754320981105e-07 1.185579800227427177e-07 -6.716059700194917406e-06 2.089750238957082854e-06 8.763369181489617166e-07 1.962908844936901557e-05 1.888736939136263749e-06 1.706691768863457868e-06 1.258240458958085839e-06
2.446258516051314585e-06 2.059373533259459058e-06 3.640053404201629364e-07 8.290183923546100637e-08 -2.150766757524659272e-07 9.167722853500757525e-07 -4.799513956629813649e-06 7.265381998854397747e-08 1.151386280542947028e-08 1.288513366218012995e-08 1.628629828340605020e-04 1.304384688705128138e-06 -2.623965230294100583e-05 -2.696394753509391101e-05 -1.936070994832159476e-05 -3.532422156635026061e-07 1.683488196604373101e-05 1.926238960185855289e-04 8.062903971562789470e-06 -5.494271704948372470e-03 -9.185224784824730024e-04 6.304629833287439880e-04 -1.124604799518603482e-06 -1.012687323947659748e-06 -7.131947845574998661e-07 1.397005051019919179e-07 5.071058701031969817e-07 -6.491636729597361899e-07 3.865707365983358911e-07 5.966004703471516289e-07 -1.660423655738482669e-06 4.464954483881361054e-07 1.915476967599570849e-07 -2.405469325288927073e-08 4.378371961457080361e-05 6.361611192394867433e-07 1.888736939136263749e-06 1.596323139010899413e-05 3.409411508134438686e-06 3.289522470593553677e-06
