# logA ns theta_MC_100 omegabh2 omegach2 tau w w_growth omegam_growth A_planck calib_100T calib_217T A_cib_217 xi_sz_cib A_sz ksz_norm gal545_A_100 gal545_A_143 gal545_A_143_217 gal545_A_217 ps_A_100_100 ps_A_143_143 ps_A_143_217 ps_A_217_217 galf_TE_A_100 galf_TE_A_100_143 galf_TE_A_100_217 galf_TE_A_143 galf_TE_A_143_217 galf_TE_A_217 LSST_DZ_S1 LSST_DZ_S2 LSST_DZ_S3 LSST_DZ_S4 LSST_DZ_S5 LSST_A1_1 LSST_A1_2 LSST_M1 LSST_M2 LSST_M3 LSST_M4 LSST_M5
3.163834119470968734e-04 5.859592843682681959e-05 7.632483544768818562e-06 1.216765838661391383e-06 3.655836142148077273e-06 1.129746310536058749e-04 4.410985501613443217e-05 1.167467854094880264e-03 1.215621207631674097e-04 1.047744252233113793e-05 2.090334252326838644e-07 6.226396847986197525e-10 4.135142315080612280e-03 -2.430407035756038757e-05 -2.984777887551245371e-04 2.406815026281462658e-04 -3.069183413056023697e-04 -3.142668758329720678e-04 -7.225491366096722066e-04 1.143919994093608831e-03 -4.679483893126501481e-02 1.905791149519837913e-03 4.328700765971373043e-02 1.104435624584937901e-02 -2.469535479990094570e-06 -1.255637070073229364e-05 1.650897543767932760e-05 -1.725875854965650826e-05 -2.378938742620812823e-05 -2.866466119447976096e-05 -1.006661423055327943e-06 8.827088845670493524e-07 9.504274468226348723e-07 2.526126133270954700e-07 -9.449310683192879987e-07 -1.349947539214395081e-04 -3.200900290198694948e-04 -8.764165798842466916e-07 2.339521891883930660e-06 3.691547611674984629e-06 1.987274443636866448e-06 -6.819063524914677735e-06
5.859592843682681959e-05 8.580976878118170442e-05 5.366957305223092439e-06 1.278725806380590269e-06 -1.044192661320122391e-06 3.689845962531679920e-06 6.577893397527028460e-05 1.857942851679905704e-04 1.897036416081386917e-05 -1.696957187433653588e-06 4.108916202919399991e-08 1.413028508397098643e-08 -1.790661645326899155e-03 2.460691307989742839e-05 -2.329086267345169996e-04 5.469661683506150317e-05 7.461973683712044012e-04 1.994937797659753094e-04 1.062202715295725312e-04 2.670342491581693348e-04 -1.793600173257224942e-02 1.035349407754287791e-02 7.963129528320221986e-03 1.268928456767512945e-02 -1.704827322562645632e-06 3.332358008608198233e-06 6.334296524546635418e-06 -5.650898951955872952e-06 -5.857853139155282115e-06 -1.865021727532258048e-05 -7.412767452261269092e-07 -4.234066021876718885e-08 -3.609832658932288989e-08 1.242568864584984138e-07 6.058261288404089403e-07 3.672291674239818002e-04 5.183300050449008231e-05 -5.432307699995933863e-07 7.490365628629454257e-07 1.887626929533208405e-06 2.433621338683437837e-06 2.566845791489178379e-06
7.632483544768818562e-06 5.366957305223092439e-06 3.238469910146795791e-06 3.186298412820926175e-07 1.700827478065235752e-06 -1.576541093730244205e-06 1.091392301822414110e-05 8.107989404267214393e-05 8.504969455885011938e-06 -1.967357841201605236e-07 -2.754009310117883693e-08 9.748167784340754228e-09 -4.494462622654210159e-04 2.051451569155582314e-06 4.905409319596222702e-05 -6.214655454293091400e-05 2.763105534848477797e-05 4.231002951633561703e-05 7.137258229060575469e-05 2.061518459079840525e-04 6.419128263473324394e-03 1.686994374528229647e-03 2.088059108851006082e-03 -1.024910175663195549e-03 5.683874740116568856e-07 -5.362760606629786533e-07 1.200871748312642211e-06 4.639879389271319285e-07 -1.724608676807049495e-06 -1.377506498797186759e-07 -1.178724114758618593e-07 -9.063842962772035627e-09 4.782229460651085204e-08 2.884949102109890925e-08 -2.099458507881321997e-08 2.475324924891538633e-05 4.334996185713665100e-05 -1.371504248578938255e-07 7.626127565849535312e-08 2.620970358057761848e-07 2.408377227655666151e-07 -1.408923190871421485e-07
1.216765838661391383e-06 1.278725806380590269e-06 3.186298412820926175e-07 7.250289756511864514e-08 7.001164378137594989e-08 6.899639442340619167e-08 2.896188194618763135e-06 2.034432813429270236e-06 -1.679656814310223677e-07 -2.869386883964305760e-08 2.567793151028947802e-09 2.236271052669415334e-09 -8.048083817159055304e-05 4.898804867238772214e-07 -5.784474010394615507e-06 2.002719071603713569e-06 7.243697985373314937e-06 3.607379596030001977e-06 1.077285161035199156e-05 3.951673325375151222e-05 5.897342965786784609e-04 9.864194678741457472e-05 4.235126245357257813e-04 6.380645416231808299e-05 -4.047965004650578490e-08 -9.004111308749153365e-08 9.046671337214310800e-08 -2.285505698237813547e-07 -1.781491039072156629e-07 -1.533117065193627007e-08 -1.921971750096009232e-08 -6.734656321047558621e-09 -7.779178303299053628e-10 4.307775588650562558e-09 4.876668718770200349e-09 6.837904012854595198e-06 1.663677591546069835e-06 -1.876855879456736146e-08 3.057510293820068931e-10 2.782967982478308113e-08 4.640367302506068881e-08 4.957378596409868292e-08
3.655836142148076850e-06 -1.044192661320123449e-06 1.700827478065235328e-06 7.001164378137600283e-08 2.754678744113264019e-06 -3.699104430403477003e-06 -2.062620781510128741e-05 1.617039346924560768e-04 2.318769260801514348e-05 -1.382242930921283441e-07 -2.301629732318184874e-08 4.322813466678041663e-09 -2.648933995453554456e-04 1.844960609276635942e-06 3.823279855395450474e-05 -4.104885703137862860e-05 -3.199028747374470959e-05 4.681459352703431983e-05 1.948208933897400432e-05 1.008309104501716564e-04 3.291324667132439555e-03 4.472093724065946642e-04 1.189045376798378859e-03 -1.171047270079371991e-03 4.911418825726333818e-07 -7.249683553239938356e-07 1.001641371598112316e-06 1.951671238883328253e-06 -1.383403748398336517e-06 1.278828235909614680e-05 -1.947986879358969528e-09 8.955221730970377975e-08 1.031744072120577840e-07 -1.035535726674546547e-08 -1.132977630172443471e-07 -2.344036789150488390e-05 2.950864648774907572e-05 -7.376697235049241898e-08 2.489870957677396572e-07 2.708498148678107518e-07 -1.024300546150988046e-07 -1.085712678830788840e-06
1.129746310536058749e-04 3.689845962531679920e-06 -1.576541093730244205e-06 6.899639442340619167e-08 -3.699104430403477850e-06 6.398421752883090184e-05 4.268801678124815272e-05 1.214059586462361311e-04 6.429613185990547327e-07 2.545433195985741202e-08 1.274059088437863460e-08 8.304634292044385131e-09 3.058460835700415811e-03 -3.232308261496946012e-05 7.343309630679444825e-05 1.139937387609028525e-04 -6.476661805236016848e-05 -1.559807634945679770e-04 -2.774940133491582417e-04 -4.366936405828691263e-04 -7.485503122194284327e-03 2.530334812788526122e-03 1.182300923007780988e-02 1.113280840617272664e-02 -3.420327446784896651e-06 -5.241219216558329535e-06 1.252906697757155707e-06 -8.913432292413875444e-06 -5.618936999709828605e-06 -3.728415863777397569e-05 -1.868621432320993478e-07 1.764436223176003440e-07 2.551966824909101637e-07 1.227629360176230283e-07 -3.059393497042885391e-07 -5.802709796322635597e-05 -2.698003013888222636e-04 -1.281186576130074952e-07 2.795159633055607543e-07 4.539386109777570117e-07 3.647815236652453108e-07 -1.435766536005838842e-06
4.410985501613443217e-05 6.577893397527028460e-05 1.091392301822414110e-05 2.896188194618763135e-06 -2.062620781510129080e-05 4.268801678124815272e-05 1.036376015975143828e-03 -8.426761448745026875e-04 -1.357143474180910018e-05 1.336369404596301457e-06 1.930744601271879792e-07 2.390798997140889011e-07 2.835047470669053906e-03 -5.746952002547524497e-05 6.977418430454638285e-04 -4.238947570289210674e-04 4.530642844112197113e-04 8.784345637682591671e-05 5.682942995015459638e-04 1.994384656642764989e-03 1.486125676863105441e-02 -1.121956919265147505e-02 5.762117999636003074e-02 3.403833032490159033e-02 -5.171715462461786633e-06 -1.177929788210974558e-06 1.475316384326540070e-05 -3.073406364782226333e-05 -1.991321735117360293e-05 -1.084794064389903628e-04 -4.626964879409421096e-06 -5.208263757279634688e-06 -3.212720840264184032e-06 1.526508230824510037e-06 4.176135823937116338e-06 1.213895305354147558e-03 4.449984044282183831e-05 -3.933298536406655309e-06 -1.206071931882386022e-05 -5.884600160770396057e-06 7.632571497915960926e-06 3.190172667512585316e-05
1.167467854094880264e-03 1.857942851679905704e-04 8.107989404267214393e-05 2.034432813429270236e-06 1.617039346924560768e-04 1.214059586462361311e-04 -8.426761448745026875e-04 1.546890335952121401e-02 2.646843079527176363e-03 2.293551028847650610e-05 -3.972155344640244530e-07 1.404032200754915672e-07 4.772966312693052672e-04 9.156326582529423521e-05 1.177130877549937421e-03 -9.029262424569453301e-04 -1.535610243932608891e-03 2.310058223648777699e-03 -1.724127269799820934e-03 7.120338106643191167e-03 -9.599024713185931590e-02 7.948952245993221033e-03 1.964969570511047592e-01 7.047466145618791478e-02 1.324244542948395650e-05 -7.082773866592603773e-05 1.476904920434318953e-04 5.095683832883717419e-05 -1.680376436144774457e-04 7.443323909407292263e-04 -5.757418164678559323e-06 8.008066441674311237e-06 1.134238604518079337e-05 6.165187854167416118e-06 -2.755727156760453872e-06 -1.290539004784794575e-03 -1.029713055321679989e-03 -9.741616643302150583e-06 2.555935211896343960e-05 4.822941584117102908e-05 4.004552298160791041e-05 -1.560828647621699945e-05
1.215621207631674097e-04 1.897036416081386917e-05 8.504969455885011938e-06 -1.679656814310223677e-07 2.318769260801514348e-05 6.429613185990547327e-07 -1.357143474180910018e-05 2.646843079527176363e-03 8.121921974610632261e-04 1.433014224766507869e-06 -2.088437934207562090e-08 6.475359878767049231e-08 5.528712937163957411e-04 1.900797467216731228e-05 5.032195949839570219e-04 -1.990865139914807633e-04 4.837077999850422763e-05 6.346433756453035476e-04 -9.422097495620256524e-05 6.750065247461829428e-04 -1.673325256179137785e-02 -2.231552113132485859e-02 1.094760984538459270e-02 2.399439304562957925e-02 -1.057072676594147444e-06 -8.799672535558293609e-06 2.497233755489148633e-05 5.509007018438669838e-06 -2.539067022304175103e-05 1.219758925548268248e-04 1.437762475535976359e-06 1.157582949030097857e-06 9.826499905162640317e-07 1.214877023756403794e-06 5.468050517630999279e-07 2.689428882441100878e-04 -1.251156588828666394e-04 1.389500915152690426e-06 3.182177409850548454e-06 4.790730105940691050e-06 3.363838585892186559e-06 1.346077336105256408e-06
1.047744252233113793e-05 -1.696957187433653588e-06 -1.967357841201605236e-07 -2.869386883964305760e-08 -1.382242930921283705e-07 2.545433195985741202e-08 1.336369404596301457e-06 2.293551028847650610e-05 1.433014224766507869e-06 6.147928467744232019e-06 -1.302396154159560328e-08 -5.464637485731293966e-09 1.080039835900639591e-03 4.186201067117495748e-06 -4.591468319409245280e-05 1.601953649810256610e-05 8.545788328903045116e-06 1.499806971321153987e-05 5.915732760513636756e-05 8.354020781759978562e-04 -3.941084131987892050e-03 -1.207846376430603318e-03 -2.224795485587679651e-05 -4.214286428449739476e-03 1.097149297756712175e-06 -5.087206245433718000e-07 2.181965688031343685e-06 -1.798130461557549114e-06 -7.466808805467891778e-07 3.494797835215496896e-06 -1.790244115274673058e-08 5.726828669963346379e-08 8.966921707475479363e-09 -2.180681451851297634e-09 -8.068287872417705460e-08 -5.355224154782205263e-05 5.368623985850187314e-07 3.817508995653563419e-08 5.746566650396184551e-08 9.323470959081940775e-08 5.245340493839009862e-10 -2.730112874027434050e-07
2.090334252326838644e-07 4.108916202919399991e-08 -2.754009310117883693e-08 2.567793151028947802e-09 -2.301629732318184543e-08 1.274059088437863460e-08 1.930744601271879792e-07 -3.972155344640244530e-07 -2.088437934207562090e-08 -1.302396154159560328e-08 4.363804074553171490e-07 -2.882959021874459012e-09 -1.699184424828944768e-04 1.527306113629609136e-06 3.424097526932499936e-05 -3.403198912901412117e-05 1.067430965932892798e-04 -1.107908246169681351e-04 -7.772534411635923315e-05 3.157013380531720626e-05 3.327050301746685597e-03 -4.887357489867924162e-03 -5.178023293173001414e-04 1.126405803595651259e-04 -2.136938784347800945e-07 -3.183346859458958207e-08 3.825389872689428250e-09 -2.380960188121890715e-08 4.178174979668419374e-07 4.289309705668736119e-07 -5.714031797510036761e-09 -7.370047636130498346e-09 1.150166343238507432e-09 4.820889724455691791e-09 -8.353042998176236383e-09 1.392541031356836857e-06 -1.295383139743592872e-05 -1.534116068021221993e-08 2.768839655821170254e-09 -1.296787214062200739e-08 -4.679306507110381852e-09 4.158111564706062681e-09
6.226396847986197525e-10 1.413028508397098643e-08 9.748167784340754228e-09 2.236271052669415334e-09 4.322813466678039181e-09 8.304634292044385131e-09 2.390798997140889011e-07 1.404032200754915672e-07 6.475359878767049231e-08 -5.464637485731293966e-09 -2.882959021874459012e-09 4.095001378732506037e-07 5.303990140459155555e-04 -3.233830856029084122e-07 -8.442904409314108924e-06 2.485978578983674615e-06 1.921939786589677701e-05 -2.228476520458657630e-05 2.813525064900450129e-04 5.800554196078006562e-04 -2.426764071399196976e-04 -1.824063143710793382e-03 1.786545211607752865e-03 -3.059278327259933039e-04 1.863300351029249747e-08 1.086176538854639691e-07 1.140252992065756025e-07 2.298003542159428907e-07 2.252042916049101472e-07 -5.982583262187332097e-07 -1.370514139283805407e-09 -5.946010804721354277e-09 -2.476876165561828940e-09 9.854086088820395770e-10 3.836710961016127085e-09 -7.215725594793002932e-06 1.039117692461028837e-05 -1.301340925724704785e-09 -1.547571083808793451e-08 -2.142471834412119462e-08 4.887206813412188453e-09 -2.279004423080041681e-09
4.135142315080612280e-03 -1.790661645326899155e-03 -4.494462622654210159e-04 -8.048083817159055304e-05 -2.648933995453556082e-04 3.058460835700415811e-03 2.835047470669053906e-03 4.772966312693052672e-04 5.528712937163957411e-04 1.080039835900639591e-03 -1.699184424828944768e-04 5.303990140459155555e-04 4.567472826568086361e+02 -1.877832549828200026e-01 -5.639497767254597616e-01 3.402706469725999550e-01 1.048458378899245758e-01 2.374036016918506242e-01 -1.914048251841297343e+01 -6.101909860836276778e+01 2.779789453888265527e+01 -1.663636034521761928e+02 7.783679362883133308e+02 -6.085657778930577706e+02 -3.991649200356241906e-03 1.703350650483552182e-03 -1.198894603068672779e-02 -8.859529646150748894e-03 -5.770844206751657261e-03 -4.053807081016798375e-02 -3.497192835323762361e-06 -1.054552823812135448e-04 -3.096911891767909722e-05 2.850821452828846054e-04 1.143476350371926798e-04 -4.648539950811169524e-02 1.164344107471422113e-01 -1.325706540845699940e-04 -2.678382119037190246e-04 2.136057082461966742e-04 -3.716166807512608235e-04 -5.947606668418978400e-04
-2.430407035756038757e-05 2.460691307989743855e-05 2.051451569155576808e-06 4.898804867238779626e-07 1.844960609276635942e-06 -3.232308261496943979e-05 -5.746952002547529918e-05 9.156326582529423521e-05 1.900797467216731228e-05 4.186201067117491513e-06 1.527306113629605960e-06 -3.233830856029080416e-07 -1.877832549828200026e-01 8.313705720555782108e-02 2.283868337667569783e-03 -1.195860046457211971e-03 6.949272575309228253e-04 -1.356666619803119497e-03 2.857384205949029324e-02 2.410695883383780908e-02 -1.146393124214021703e-01 1.779009750539606860e-01 1.887187935478232270e-01 -4.819784170532157019e-01 9.113358718573583508e-05 3.103848942009374999e-05 2.201740990866144117e-04 -4.453741166929891425e-05 -6.409816890017770675e-05 7.412966859947540694e-04 6.597892375902198451e-06 3.655371517309569994e-07 3.410033523213280902e-06 2.796643245065701910e-06 1.723050513456318693e-06 2.423742081207072747e-03 -2.312241569226553516e-03 -9.170770737756367788e-06 3.114793870192455855e-06 7.506867219084044154e-06 4.502719567595689089e-06 1.019096722499563475e-05
-2.984777887551245371e-04 -2.329086267345169996e-04 4.905409319596222702e-05 -5.784474010394615507e-06 3.823279855395450474e-05 7.343309630679444825e-05 6.977418430454638285e-04 1.177130877549937421e-03 5.032195949839570219e-04 -4.591468319409245280e-05 3.424097526932499936e-05 -8.442904409314108924e-06 -5.639497767254597616e-01 2.283868337667573252e-03 4.570739927553116644e+00 -3.628832718136524083e+00 -5.396503451660889655e-02 6.149200235037909773e-02 4.377023995677321033e-01 4.025390741012764284e-01 -4.768266083740665628e+00 -6.994837667916529167e-01 9.859574116762823692e+00 -5.745028076781986570e+00 -3.400508319434897915e-04 -4.670085873932403693e-04 2.574210616231701904e-03 -3.383529556876394202e-04 1.170531597920768471e-04 -1.015714908585340498e-02 3.233769913958717504e-06 -9.145054576903991980e-06 -2.278670803389943009e-06 3.481557228873601771e-05 8.665908520286867294e-07 4.376405765498342371e-02 3.844255607240344014e-02 4.131519571245128404e-05 2.573188640775897243e-05 -2.638878623515640613e-05 -3.541318994846607605e-05 -7.445613362805545590e-06
2.406815026281462658e-04 5.469661683506150317e-05 -6.214655454293091400e-05 2.002719071603713569e-06 -4.104885703137858794e-05 1.139937387609028525e-04 -4.238947570289210674e-04 -9.029262424569453301e-04 -1.990865139914807633e-04 1.601953649810256610e-05 -3.403198912901412117e-05 2.485978578983674615e-06 3.402706469725999550e-01 -1.195860046457217826e-03 -3.628832718136524083e+00 7.323907423077796963e+00 6.004486159333809192e-02 -1.484851332882005694e-02 -3.874564155452252523e-01 -3.668965591233833701e-01 1.777879827979055527e+00 6.488171477933417641e-01 -7.155889392489549472e+00 3.008272944000797366e+00 2.121892837673407587e-04 8.923997683060663289e-04 -8.752434113389314990e-04 7.347959191090847400e-04 -1.324767528868692678e-03 1.462573330242851639e-02 -5.577073895987410233e-06 3.574627035724996048e-05 4.021885381386135001e-06 -2.578030533643592146e-05 -8.101900093759953415e-06 -6.551412320919737520e-02 -9.101807024763682377e-03 -8.498309248501617253e-06 -4.037696378201726841e-05 3.594476653297687662e-05 7.093603909309951203e-05 8.768693940071197737e-05
-3.069183413056023697e-04 7.461973683712044012e-04 2.763105534848477797e-05 7.243697985373314937e-06 -3.199028747374472315e-05 -6.476661805236016848e-05 4.530642844112197113e-04 -1.535610243932608891e-03 4.837077999850422763e-05 8.545788328903045116e-06 1.067430965932892798e-04 1.921939786589677701e-05 1.048458378899245758e-01 6.949272575309221748e-04 -5.396503451660889655e-02 6.004486159333809192e-02 3.506892944579273586e+00 4.383057546898099233e-01 1.445482381059866317e-01 8.523897944276136174e-02 -6.330232807898338976e+00 8.755281655513549310e+00 2.851565048893781817e+00 7.698801524718196232e-01 -4.655336553886076046e-04 4.733673838829647869e-04 5.376081199879277628e-05 -1.290546205095464429e-04 -7.191662565615262613e-05 5.689246134122106884e-03 1.267153796205328091e-05 -1.166770134661095525e-05 9.044112772368506451e-07 -3.847422970034269998e-06 1.871668120853100655e-06 5.935072546083220747e-03 -8.458006236780814258e-03 -1.698839952907630341e-05 3.140194736354642261e-05 1.860905882697947903e-05 3.251662665544517798e-05 6.428909738110539769e-05
-3.142668758329720678e-04 1.994937797659753094e-04 4.231002951633561703e-05 3.607379596030001977e-06 4.681459352703431983e-05 -1.559807634945679770e-04 8.784345637682591671e-05 2.310058223648777699e-03 6.346433756453035476e-04 1.499806971321153987e-05 -1.107908246169681351e-04 -2.228476520458657630e-05 2.374036016918506242e-01 -1.356666619803119497e-03 6.149200235037909773e-02 -1.484851332882005694e-02 4.383057546898099233e-01 3.454081376105772705e+00 2.533398582916446262e+00 2.294299885455178156e+00 1.008763839072251223e+01 -1.339323076545153768e+01 5.463245514124708713e+00 2.336210231394604708e+00 7.141629442238515155e-04 6.250028561613104846e-05 3.039618189928555204e-04 7.170318206983037224e-04 -3.431747691216326655e-04 1.626499240311066402e-03 3.046554477625974832e-05 2.194930812123339843e-05 -1.378663944104799001e-05 -1.958725878520915399e-05 7.892426536512080266e-06 -1.538122023739738227e-02 -2.486567251982534782e-02 -2.945052012579241920e-05 -2.546824100972184100e-05 2.894526526911193518e-05 -2.216696875455168998e-05 1.585293448991862707e-05
-7.225491366096722066e-04 1.062202715295725312e-04 7.137258229060575469e-05 1.077285161035199156e-05 1.948208933897398060e-05 -2.774940133491582417e-04 5.682942995015459638e-04 -1.724127269799820934e-03 -9.422097495620256524e-05 5.915732760513636756e-05 -7.772534411635923315e-05 2.813525064900450129e-04 -1.914048251841297343e+01 2.857384205949029324e-02 4.377023995677321033e-01 -3.874564155452252523e-01 1.445482381059866317e-01 2.533398582916446262e+00 1.892250164709004068e+01 3.256003467101270132e+01 3.185686977392609087e+00 4.056901553009188177e+01 -5.154710348590595714e+01 -1.279390397227640364e+00 2.195773301042761288e-03 3.449833858180132665e-04 8.668182206733304057e-04 -9.872345716457038914e-04 1.704165902493208961e-03 -4.397630625257829481e-03 -3.102964828608307721e-05 -3.466696602614684976e-06 -1.147883732654048006e-05 -2.862462414197046654e-05 -1.790055198459547737e-05 7.268968001450724740e-03 -4.093507608587568930e-02 7.999962687938777967e-06 -8.181222045658199428e-05 -1.011582916476819937e-04 -2.930378810488555152e-05 9.872058630219890558e-05
1.143919994093608831e-03 2.670342491581693348e-04 2.061518459079840525e-04 3.951673325375151222e-05 1.008309104501717242e-04 -4.366936405828691263e-04 1.994384656642764989e-03 7.120338106643191167e-03 6.750065247461829428e-04 8.354020781759978562e-04 3.157013380531720626e-05 5.800554196078006562e-04 -6.101909860836276778e+01 2.410695883383781601e-02 4.025390741012764284e-01 -3.668965591233833701e-01 8.523897944276136174e-02 2.294299885455178156e+00 3.256003467101270132e+01 8.570797022642041441e+01 -7.892893029848120356e+00 6.186965242738661885e+01 -3.991950206242298549e+01 -2.925004207559035052e+01 2.968635613740680090e-03 2.241000656692416961e-03 3.944736911178292442e-03 3.397421396845517409e-05 4.531070158518059679e-03 2.863917885640401731e-04 -7.208774753002009203e-05 -3.178314810597650210e-05 3.139360935711349687e-05 -4.936670261110166573e-05 -3.466001550568727999e-05 3.637366574038249090e-02 -2.564270014321302915e-02 -5.661268924609614357e-05 -1.922192002056145486e-04 -1.569849576121035324e-04 4.564703961590433940e-05 2.863793039604522030e-04
-4.679483893126501481e-02 -1.793600173257224942e-02 6.419128263473324394e-03 5.897342965786784609e-04 3.291324667132438687e-03 -7.485503122194284327e-03 1.486125676863105441e-02 -9.599024713185931590e-02 -1.673325256179137785e-02 -3.941084131987892050e-03 3.327050301746685597e-03 -2.426764071399196976e-04 2.779789453888265527e+01 -1.146393124214021980e-01 -4.768266083740665628e+00 1.777879827979055527e+00 -6.330232807898338976e+00 1.008763839072251223e+01 3.185686977392609087e+00 -7.892893029848120356e+00 1.252166118936011844e+04 7.246164111624734687e+02 1.890012232865928343e+00 -1.488386596127979189e+01 -2.550672573877751231e-02 -6.174044439049556320e-03 -3.190037388823312864e-02 2.403744545353758699e-02 -1.146853145016006326e-01 -1.044499704391673861e-01 9.251259474823353771e-04 -9.076646598001698787e-04 1.608290765121888656e-03 -1.465334823585602488e-03 -3.084925007864154287e-04 2.500734057248757303e+00 2.334533756905455559e-01 1.942275558862265527e-03 4.378294879244177054e-03 -8.338844899383529227e-04 3.479174468184985814e-03 2.070888761605538080e-03
1.905791149519837913e-03 1.035349407754287791e-02 1.686994374528229647e-03 9.864194678741457472e-05 4.472093724065944473e-04 2.530334812788526122e-03 -1.121956919265147505e-02 7.948952245993221033e-03 -2.231552113132485859e-02 -1.207846376430603318e-03 -4.887357489867924162e-03 -1.824063143710793382e-03 -1.663636034521761928e+02 1.779009750539602974e-01 -6.994837667916529167e-01 6.488171477933417641e-01 8.755281655513549310e+00 -1.339323076545153768e+01 4.056901553009188177e+01 6.186965242738661885e+01 7.246164111624734687e+02 1.269938843393704337e+04 1.464141191755472391e+03 -4.789501623691542704e+02 1.265863562560554665e-03 -9.575291406871829294e-03 1.629521011659341295e-02 -5.286974622085864606e-02 2.032907233211624781e-02 6.408781212597632060e-02 -1.160787295044767736e-04 1.845453787599004127e-04 2.302869172380321745e-03 1.298320218051388954e-03 -2.858519098735794184e-03 5.682422748732630646e-01 -8.335087652723854879e-01 5.973717479962465087e-04 -4.623636678200639832e-04 -9.299848343271743161e-04 5.797991598054503631e-05 3.483230335213475821e-03
4.328700765971373043e-02 7.963129528320221986e-03 2.088059108851006082e-03 4.235126245357257813e-04 1.189045376798379076e-03 1.182300923007780988e-02 5.762117999636003074e-02 1.964969570511047592e-01 1.094760984538459270e-02 -2.224795485587679651e-05 -5.178023293173001414e-04 1.786545211607752865e-03 7.783679362883133308e+02 1.887187935478232548e-01 9.859574116762823692e+00 -7.155889392489549472e+00 2.851565048893781817e+00 5.463245514124708713e+00 -5.154710348590595714e+01 -3.991950206242298549e+01 1.890012232865928343e+00 1.464141191755472391e+03 1.182299885720193561e+04 1.034937231149204763e+03 -1.835616752992018028e-02 2.303422745137739119e-03 -1.169602072300247354e-02 6.787414530451076067e-02 3.950445762973493063e-02 1.840957758295372337e-01 -3.798550043312259850e-04 -1.649695563552353722e-03 2.241479577950315804e-04 3.370534530442243957e-04 5.195035551724646981e-05 -2.008088130520353787e-01 3.881379237972554241e-01 -1.020444248233481638e-03 6.762347095099844599e-04 9.811037738581957195e-04 2.937764420823630110e-03 3.428593970570207173e-04
1.104435624584937901e-02 1.268928456767512945e-02 -1.024910175663195549e-03 6.380645416231808299e-05 -1.171047270079372859e-03 1.113280840617272664e-02 3.403833032490159033e-02 7.047466145618791478e-02 2.399439304562957925e-02 -4.214286428449739476e-03 1.126405803595651259e-04 -3.059278327259933039e-04 -6.085657778930577706e+02 -4.819784170532158685e-01 -5.745028076781986570e+00 3.008272944000797366e+00 7.698801524718196232e-01 2.336210231394604708e+00 -1.279390397227640364e+00 -2.925004207559035052e+01 -1.488386596127979189e+01 -4.789501623691542704e+02 1.034937231149204763e+03 1.312618612834246778e+04 1.710800771711672857e-02 -3.534864961727204880e-02 -5.219650510470374982e-02 -4.678080114644688620e-02 9.675461271307847499e-02 1.126019999074385491e-01 -5.483424044954345999e-04 -7.005809532355506684e-06 -8.189969843983084226e-04 1.155525660577953306e-04 8.056893204572625634e-04 -1.268199218813108597e+00 2.238878932637339059e+00 1.044729341796322899e-03 8.936811873493466594e-04 4.306888775480363879e-04 2.975143184128852328e-03 1.539916031222322585e-03
-2.469535479990094570e-06 -1.704827322562645632e-06 5.683874740116568856e-07 -4.047965004650578490e-08 4.911418825726331700e-07 -3.420327446784896651e-06 -5.171715462461786633e-06 1.324244542948395650e-05 -1.057072676594147444e-06 1.097149297756712175e-06 -2.136938784347800945e-07 1.863300351029249747e-08 -3.991649200356241906e-03 9.113358718573588929e-05 -3.400508319434897915e-04 2.121892837673407587e-04 -4.655336553886076046e-04 7.141629442238515155e-04 2.195773301042761288e-03 2.968635613740680090e-03 -2.550672573877751231e-02 1.265863562560554665e-03 -1.835616752992018028e-02 1.710800771711672857e-02 1.496227583865997364e-03 2.701957600107992869e-04 5.033754248991344529e-06 -4.119699416487020865e-04 1.931289055705613260e-05 3.183408866657352689e-06 -1.181643550530996509e-07 -1.786060954221146326e-08 5.563543224639440693e-08 5.414819740805837129e-07 1.866195976092485711e-07 -6.842322977637766389e-04 5.228046250616436973e-04 4.041966850408324657e-07 5.542697026240135435e-07 -2.451961415856930307e-07 -9.075455585215160190e-08 -7.269497355904494616e-08
-1.255637070073229364e-05 3.332358008608198233e-06 -5.362760606629786533e-07 -9.004111308749153365e-08 -7.249683553239940474e-07 -5.241219216558329535e-06 -1.177929788210974558e-06 -7.082773866592603773e-05 -8.799672535558293609e-06 -5.087206245433718000e-07 -3.183346859458958207e-08 1.086176538854639691e-07 1.703350650483552182e-03 3.103848942009377032e-05 -4.670085873932403693e-04 8.923997683060663289e-04 4.733673838829647869e-04 6.250028561613104846e-05 3.449833858180132665e-04 2.241000656692416961e-03 -6.174044439049556320e-03 -9.575291406871829294e-03 2.303422745137739119e-03 -3.534864961727204880e-02 2.701957600107992869e-04 9.029744174252316057e-04 6.797891715578485678e-06 7.141917026133547380e-04 4.175034952541861794e-06 1.829082146489964577e-05 -1.820876821399492918e-07 7.003200976729621128e-08 -2.234721945329514296e-07 -1.688189933267698516e-07 -2.343520309712743132e-08 3.168272185636090456e-04 4.951909400273291507e-04 -4.423719888954618394e-08 -9.069826415153412879e-07 9.431533481593092156e-09 -3.364701648164136135e-07 4.160643721089623832e-07
1.650897543767932760e-05 6.334296524546635418e-06 1.200871748312642211e-06 9.046671337214310800e-08 1.001641371598112739e-06 1.252906697757155707e-06 1.475316384326540070e-05 1.476904920434318953e-04 2.497233755489148633e-05 2.181965688031343685e-06 3.825389872689428250e-09 1.140252992065756025e-07 -1.198894603068672779e-02 2.201740990866145743e-04 2.574210616231701904e-03 -8.752434113389314990e-04 5.376081199879277628e-05 3.039618189928555204e-04 8.668182206733304057e-04 3.944736911178292442e-03 -3.190037388823312864e-02 1.629521011659341295e-02 -1.169602072300247354e-02 -5.219650510470374982e-02 5.033754248991344529e-06 6.797891715578485678e-06 8.056768059397033041e-03 -8.494084731461577587e-07 8.818588979629791533e-06 6.023003804692107733e-04 -1.686550681421703830e-07 -3.051281977224986206e-07 1.374371061064912875e-06 7.567521728832528578e-07 -4.698648878772003890e-08 2.015160785837302618e-04 -1.003670213825403907e-03 -2.182792697481782351e-06 7.093151611767487480e-07 8.545665174255906720e-07 2.661894270360228766e-06 9.523974093995714904e-07
-1.725875854965650826e-05 -5.650898951955872952e-06 4.639879389271319285e-07 -2.285505698237813547e-07 1.951671238883329523e-06 -8.913432292413875444e-06 -3.073406364782226333e-05 5.095683832883717419e-05 5.509007018438669838e-06 -1.798130461557549114e-06 -2.380960188121890715e-08 2.298003542159428907e-07 -8.859529646150748894e-03 -4.453741166929904300e-05 -3.383529556876394202e-04 7.347959191090847400e-04 -1.290546205095464429e-04 7.170318206983037224e-04 -9.872345716457038914e-04 3.397421396845517409e-05 2.403744545353758699e-02 -5.286974622085864606e-02 6.787414530451076067e-02 -4.678080114644688620e-02 -4.119699416487020865e-04 7.141917026133547380e-04 -8.494084731461577587e-07 3.282978091096820823e-03 -2.719301065769739309e-05 6.448494338348810973e-05 -3.154297842889127443e-08 2.084291465961099915e-07 -1.437933802694463401e-07 -1.224364574265975236e-06 1.985956912782455101e-07 7.992865111978181974e-04 -8.810178864179571000e-05 -1.152820628976835715e-07 -7.554421632590057924e-07 4.143125342076487929e-07 -7.819350080135360326e-08 1.678990275124774379e-07
-2.378938742620812823e-05 -5.857853139155282115e-06 -1.724608676807049495e-06 -1.781491039072156629e-07 -1.383403748398337152e-06 -5.618936999709828605e-06 -1.991321735117360293e-05 -1.680376436144774457e-04 -2.539067022304175103e-05 -7.466808805467891778e-07 4.178174979668419374e-07 2.252042916049101472e-07 -5.770844206751657261e-03 -6.409816890017781517e-05 1.170531597920768471e-04 -1.324767528868692678e-03 -7.191662565615262613e-05 -3.431747691216326655e-04 1.704165902493208961e-03 4.531070158518059679e-03 -1.146853145016006326e-01 2.032907233211624781e-02 3.950445762973493063e-02 9.675461271307847499e-02 1.931289055705613260e-05 4.175034952541861794e-06 8.818588979629791533e-06 -2.719301065769739309e-05 7.963744447677398655e-03 6.700241937616073116e-05 -9.377260793054176187e-07 2.652673988800189282e-07 -6.610692040231408348e-07 1.407977889028083858e-06 6.268609355426665269e-07 1.043074435073957718e-03 2.502613612668359399e-04 2.190855242176744135e-06 6.748992522833035379e-07 9.400180598736632091e-07 -3.849194109466639816e-06 7.441097286128117441e-07
-2.866466119447976096e-05 -1.865021727532258048e-05 -1.377506498797186759e-07 -1.533117065193627007e-08 1.278828235909613833e-05 -3.728415863777397569e-05 -1.084794064389903628e-04 7.443323909407292263e-04 1.219758925548268248e-04 3.494797835215496896e-06 4.289309705668736119e-07 -5.982583262187332097e-07 -4.053807081016798375e-02 7.412966859947537441e-04 -1.015714908585340498e-02 1.462573330242851639e-02 5.689246134122106884e-03 1.626499240311066402e-03 -4.397630625257829481e-03 2.863917885640401731e-04 -1.044499704391673861e-01 6.408781212597632060e-02 1.840957758295372337e-01 1.126019999074385491e-01 3.183408866657352689e-06 1.829082146489964577e-05 6.023003804692107733e-04 6.448494338348810973e-05 6.700241937616073116e-05 2.914697175205507307e-01 5.231568529828233578e-06 6.874078845820139269e-08 -4.633403402664131248e-06 2.546873768265122422e-06 -4.237940082663782487e-06 2.221257792128360220e-03 5.286423175204114401e-03 1.497111228118834446e-09 -1.058632151436604580e-05 1.967467464203209491e-06 1.030002421305512079e-05 -1.571416661329282003e-08
-1.006661423055327943e-06 -7.412767452261269092e-07 -1.178724114758618593e-07 -1.921971750096009232e-08 -1.947986879358988967e-09 -1.868621432320993478e-07 -4.626964879409421096e-06 -5.757418164678559323e-06 1.437762475535976359e-06 -1.790244115274673058e-08 -5.714031797510036761e-09 -1.370514139283805407e-09 -3.497192835323762361e-06 6.597892375902193369e-06 3.233769913958717504e-06 -5.577073895987410233e-06 1.267153796205328091e-05 3.046554477625974832e-05 -3.102964828608307721e-05 -7.208774753002009203e-05 9.251259474823353771e-04 -1.160787295044767736e-04 -3.798550043312259850e-04 -5.483424044954345999e-04 -1.181643550530996509e-07 -1.820876821399492918e-07 -1.686550681421703830e-07 -3.154297842889127443e-08 -9.377260793054176187e-07 5.231568529828233578e-06 3.406990768864299419e-06 2.382616193313399534e-07 8.769479707616877297e-08 1.458664305400028487e-08 -1.595388347004118519e-08 7.877083051863569539e-06 1.232245687458656038e-05 -9.324343456503958674e-07 6.597245467432473839e-07 4.265950286284025584e-07 1.134217476504817876e-07 -2.356815233105546998e-07
8.827088845670493524e-07 -4.234066021876718885e-08 -9.063842962772035627e-09 -6.734656321047558621e-09 8.955221730970375328e-08 1.764436223176003440e-07 -5.208263757279634688e-06 8.008066441674311237e-06 1.157582949030097857e-06 5.726828669963346379e-08 -7.370047636130498346e-09 -5.946010804721354277e-09 -1.054552823812135448e-04 3.655371517309566288e-07 -9.145054576903991980e-06 3.574627035724996048e-05 -1.166770134661095525e-05 2.194930812123339843e-05 -3.466696602614684976e-06 -3.178314810597650210e-05 -9.076646598001698787e-04 1.845453787599004127e-04 -1.649695563552353722e-03 -7.005809532355506684e-06 -1.786060954221146326e-08 7.003200976729621128e-08 -3.051281977224986206e-07 2.084291465961099915e-07 2.652673988800189282e-07 6.874078845820139269e-08 2.382616193313399534e-07 3.235068641014226147e-06 1.964739454589355553e-07 8.814381987698901212e-08 -2.802536825312464936e-09 4.210631794664383232e-05 -5.434637420250019465e-05 4.118748163633310718e-07 -1.605248632404561483e-06 5.792332336202946755e-07 5.133029465652695714e-07 2.219482624313350848e-07
9.504274468226348723e-07 -3.609832658932288989e-08 4.782229460651085204e-08 -7.779178303299053628e-10 1.031744072120578237e-07 2.551966824909101637e-07 -3.212720840264184032e-06 1.134238604518079337e-05 9.826499905162640317e-07 8.966921707475479363e-09 1.150166343238507432e-09 -2.476876165561828940e-09 -3.096911891767909722e-05 3.410033523213280902e-06 -2.278670803389943009e-06 4.021885381386135001e-06 9.044112772368506451e-07 -1.378663944104799001e-05 -1.147883732654048006e-05 3.139360935711349687e-05 1.608290765121888656e-03 2.302869172380321745e-03 2.241479577950315804e-04 -8.189969843983084226e-04 5.563543224639440693e-08 -2.234721945329514296e-07 1.374371061064912875e-06 -1.437933802694463401e-07 -6.610692040231408348e-07 -4.633403402664131248e-06 8.769479707616877297e-08 1.964739454589355553e-07 3.410363239149507400e-06 1.485151292073423843e-07 8.608942298061153163e-08 2.044792864965779179e-06 5.202356989232760513e-06 8.870268287214596021e-08 4.638554725720790232e-07 -1.671548445493209372e-06 6.675258022263766104e-07 5.190521861047304568e-07
2.526126133270954700e-07 1.242568864584984138e-07 2.884949102109890925e-08 4.307775588650562558e-09 -1.035535726674547374e-08 1.227629360176230283e-07 1.526508230824510037e-06 6.165187854167416118e-06 1.214877023756403794e-06 -2.180681451851297634e-09 4.820889724455691791e-09 9.854086088820395770e-10 2.850821452828846054e-04 2.796643245065701063e-06 3.481557228873601771e-05 -2.578030533643592146e-05 -3.847422970034269998e-06 -1.958725878520915399e-05 -2.862462414197046654e-05 -4.936670261110166573e-05 -1.465334823585602488e-03 1.298320218051388954e-03 3.370534530442243957e-04 1.155525660577953306e-04 5.414819740805837129e-07 -1.688189933267698516e-07 7.567521728832528578e-07 -1.224364574265975236e-06 1.407977889028083858e-06 2.546873768265122422e-06 1.458664305400028487e-08 8.814381987698901212e-08 1.485151292073423843e-07 3.663881701023359672e-06 9.855325147685664606e-08 7.000914885497762259e-08 8.190159668810931317e-06 -1.095202584709911253e-08 2.918150936617557291e-07 4.609092895782067433e-07 -1.398818744986583609e-06 6.604126879329973965e-07
-9.449310683192879987e-07 6.058261288404089403e-07 -2.099458507881321997e-08 4.876668718770200349e-09 -1.132977630172443338e-07 -3.059393497042885391e-07 4.176135823937116338e-06 -2.755727156760453872e-06 5.468050517630999279e-07 -8.068287872417705460e-08 -8.353042998176236383e-09 3.836710961016127085e-09 1.143476350371926798e-04 1.723050513456317211e-06 8.665908520286867294e-07 -8.101900093759953415e-06 1.871668120853100655e-06 7.892426536512080266e-06 -1.790055198459547737e-05 -3.466001550568727999e-05 -3.084925007864154287e-04 -2.858519098735794184e-03 5.195035551724646981e-05 8.056893204572625634e-04 1.866195976092485711e-07 -2.343520309712743132e-08 -4.698648878772003890e-08 1.985956912782455101e-07 6.268609355426665269e-07 -4.237940082663782487e-06 -1.595388347004118519e-08 -2.802536825312464936e-09 8.608942298061153163e-08 9.855325147685664606e-08 3.865850912435417641e-06 -5.622846243906658381e-05 3.922301771123681510e-06 -2.261433186245545135e-08 2.619216609236530382e-08 9.529953313211550046e-08 2.971131401257640638e-07 -7.286351083666824496e-07
-1.349947539214395081e-04 3.672291674239818002e-04 2.475324924891538633e-05 6.837904012854595198e-06 -2.344036789150488390e-05 -5.802709796322635597e-05 1.213895305354147558e-03 -1.290539004784794575e-03 2.689428882441100878e-04 -5.355224154782205263e-05 1.392541031356836857e-06 -7.215725594793002932e-06 -4.648539950811169524e-02 2.423742081207069712e-03 4.376405765498342371e-02 -6.551412320919737520e-02 5.935072546083220747e-03 -1.538122023739738227e-02 7.268968001450724740e-03 3.637366574038249090e-02 2.500734057248757303e+00 5.682422748732630646e-01 -2.008088130520353787e-01 -1.268199218813108597e+00 -6.842322977637766389e-04 3.168272185636090456e-04 2.015160785837302618e-04 7.992865111978181974e-04 1.043074435073957718e-03 2.221257792128360220e-03 7.877083051863569539e-06 4.210631794664383232e-05 2.044792864965779179e-06 7.000914885497762259e-08 -5.622846243906658381e-05 8.371012219852929093e+00 -3.430146961569342096e-02 5.707333423338977190e-05 -7.026829109034697510e-05 -3.771353044078509635e-05 2.247082280045120914e-05 -2.913987277500698327e-05
-3.200900290198694948e-04 5.183300050449008231e-05 4.334996185713665100e-05 1.663677591546069835e-06 2.950864648774906217e-05 -2.698003013888222636e-04 4.449984044282183831e-05 -1.029713055321679989e-03 -1.251156588828666394e-04 5.368623985850187314e-07 -1.295383139743592872e-05 1.039117692461028837e-05 1.164344107471422113e-01 -2.312241569226556551e-03 3.844255607240344014e-02 -9.101807024763682377e-03 -8.458006236780814258e-03 -2.486567251982534782e-02 -4.093507608587568930e-02 -2.564270014321302915e-02 2.334533756905455559e-01 -8.335087652723854879e-01 3.881379237972554241e-01 2.238878932637339059e+00 5.228046250616436973e-04 4.951909400273291507e-04 -1.003670213825403907e-03 -8.810178864179571000e-05 2.502613612668359399e-04 5.286423175204114401e-03 1.232245687458656038e-05 -5.434637420250019465e-05 5.202356989232760513e-06 8.190159668810931317e-06 3.922301771123681510e-06 -3.430146961569342096e-02 8.396726026111087648e+00 7.272741696079767109e-06 1.289040489008846685e-04 -1.475835906081919368e-05 -3.684618334587905984e-05 -3.907272049770213739e-05
